1  0.600000
2  0.772000
3  0.733000
4  0.795000
5  0.696000
6  0.786000
7  0.688000
8  0.667000
9  0.767000
10  0.744000
11  0.631000
12  0.673000
13  0.822000
14  0.707000
15  0.898000
16  0.692000
17  0.771000
18  0.746000
19  0.774000
20  0.743000
21  0.712000
22  0.898000
23  0.727000
24  0.601000
25  0.339000
26  0.715000
27  0.822000
28  0.872000
29  0.792000
30  0.722000
31  0.556000
32  0.656000
33  0.734000
34  0.728000
35  0.725000
36  0.757000
37  0.630000
38  0.905000
39  0.864000
40  0.804000
41  0.772000
42  0.698000
43  0.075000
44  0.565000
45  0.884000
46  0.866000
47  0.773000
48  0.823000
49  0.848000
50  0.863000
51  0.832000
52  0.787000
53  0.709000
54  0.551000
55  0.630000
56  0.689000
57  0.689000
58  0.863000
59  0.338000
60  0.877000
61  0.956000
62  0.846000
63  0.275000
64  0.515000
65  0.467000
66  0.492000
67  0.839000
68  0.853000
69  0.907000
70  0.814000
71  0.866000
72  0.854000
73  0.829000
74  0.810000
75  0.795000
76  0.761000
77  0.871000
78  0.801000
79  0.805000
80  0.870000
81  0.757000
82  0.836000
83  0.869000
84  0.167000
85  0.906000
86  0.790000
87  0.751000
88  0.677000
89  0.843000
90  0.818000
91  0.494000
92  0.835000
93  0.912000
94  0.822000
95  0.919000
96  0.817000
97  0.813000
98  0.911000
99  0.605000
100  0.730000
101  0.710000
102  0.771000
103  0.784000
104  0.772000
105  0.758000
106  0.852000
107  0.889000
108  0.880000
109  0.861000
110  0.301000
111  0.777000
112  0.764000
113  0.692000
114  0.750000
115  0.628000
116  0.555000
117  0.810000
118  0.897000
119  0.751000
120  0.768000
121  0.853000
122  0.838000
123  0.841000
124  0.837000
125  0.715000
126  0.685000
127  0.724000
128  0.682000
129  0.675000
130  0.737000
131  0.355000
132  0.750000
133  0.825000
134  0.759000
135  0.741000
136  0.103000
137  0.195000
138  0.694000
139  0.673000
140  0.712000
141  0.870000
142  0.824000
143  0.761000
144  0.858000
145  0.679000
146  0.713000
147  0.616000
148  0.091000
149  0.521000
150  0.504000
151  0.485000
152  0.655000
153  0.457000
154  0.663000
155  0.649000
156  0.864000
157  0.837000
158  0.334000
159  0.294000
160  0.515000
161  0.282000
162  0.257000
163  0.650000
164  0.904000
165  0.835000
166  0.762000
167  0.657000
168  0.774000
169  0.858000
170  0.804000
171  0.684000
172  0.675000
173  0.715000
174  0.706000
175  0.645000
176  0.593000
177  0.797000
178  0.856000
179  0.858000
180  0.870000
181  0.857000
182  0.799000
183  0.792000
184  0.632000
185  0.747000
186  0.737000
187  0.615000
188  0.787000
189  0.878000
190  0.789000
191  0.783000
192  0.726000
193  0.774000
194  0.833000
195  0.692000
196  0.698000
197  0.796000
198  0.725000
199  0.620000
200  0.802000
201  0.783000
202  0.847000
203  0.072000
204  0.731000
205  0.830000
206  0.719000
207  0.594000
208  0.655000
209  0.613000
210  0.606000
211  0.878000
212  0.872000
213  0.817000
214  0.893000
215  0.863000
216  0.807000
217  0.859000
218  0.928000
219  0.521000
220  0.474000
221  0.782000
222  0.458000
223  0.491000
224  0.514000
225  0.562000
226  0.867000
227  0.934000
228  0.331000
229  0.882000
230  0.434000
231  0.361000
232  0.481000
233  0.078000
234  0.241000
235  0.771000
236  0.905000
237  0.801000
238  0.842000
239  0.876000
240  0.829000
241  0.227000
242  0.453000
243  0.742000
244  0.730000
245  0.787000
246  0.814000
247  0.711000
248  0.801000
249  0.792000
250  0.800000
251  0.849000
252  0.653000
253  0.474000
254  0.713000
255  0.769000
256  0.877000
257  0.760000
258  0.425000
259  0.664000
260  0.720000
261  0.617000
262  0.688000
263  0.526000
264  0.165000
265  0.274000
266  0.729000
267  0.720000
268  0.835000
269  0.716000
270  0.666000
271  0.784000
272  0.779000
273  0.419000
274  0.059000
275  0.630000
276  0.078000
277  0.741000
278  0.640000
279  0.700000
280  0.360000
281  0.372000
282  0.631000
283  0.876000
284  0.886000
285  0.843000
286  0.847000
287  0.849000
288  0.811000
289  0.275000
290  0.436000
291  0.781000
292  0.737000
293  0.843000
294  0.838000
295  0.698000
296  0.771000
297  0.774000
298  0.899000
299  0.857000
300  0.847000
301  0.612000
302  0.742000
303  0.783000
304  0.548000
305  0.745000
306  0.800000
307  0.801000
308  0.657000
309  0.733000
310  0.692000
311  0.806000
312  0.805000
313  0.581000
314  0.820000
315  0.474000
316  0.420000
317  0.237000
318  0.197000
319  0.127000
320  0.575000
321  0.664000
322  0.677000
323  0.564000
324  0.677000
325  0.702000
326  0.647000
327  0.569000
328  0.086000
329  0.077000
330  0.053000
331  0.311000
332  0.747000
333  0.619000
334  0.858000
335  0.274000
336  0.680000
337  0.471000
338  0.176000
339  0.642000
340  0.628000
341  0.689000
342  0.780000
343  0.569000
344  0.787000
345  0.794000
346  0.400000
347  0.084000
348  0.548000
349  0.730000
350  0.664000
351  0.677000
352  0.681000
353  0.615000
354  0.696000
355  0.832000
356  0.780000
357  0.537000
358  0.579000
359  0.841000
360  0.809000
361  0.849000
362  0.847000
363  0.537000
364  0.347000
365  0.366000
366  0.724000
367  0.666000
368  0.767000
369  0.756000
370  0.763000
371  0.884000
372  0.896000
373  0.728000
374  0.662000
375  0.651000
376  0.155000
377  0.123000
378  0.751000
379  0.820000
380  0.751000
381  0.810000
382  0.815000
383  0.836000
384  0.663000
385  0.264000
386  0.078000
387  0.671000
388  0.625000
389  0.744000
390  0.794000
391  0.651000
392  0.832000
393  0.786000
394  0.803000
395  0.860000
396  0.814000
397  0.710000
398  0.748000
399  0.844000
400  0.762000
401  0.637000
402  0.875000
403  0.834000
404  0.727000
405  0.411000
406  0.303000
407  0.792000
408  0.830000
409  0.797000
410  0.755000
411  0.718000
412  0.807000
413  0.756000
414  0.700000
415  0.812000
416  0.789000
417  0.820000
418  0.880000
419  0.799000
420  0.855000
421  0.768000
422  0.765000
423  0.718000
424  0.747000
425  0.783000
426  0.722000
427  0.888000
428  0.831000
429  0.806000
430  0.266000
431  0.520000
432  0.754000
433  0.777000
434  0.707000
435  0.771000
436  0.744000
437  0.797000
438  0.792000
439  0.739000
440  0.747000
441  0.804000
442  0.866000
443  0.888000
444  0.844000
445  0.764000
446  0.709000
447  0.641000
448  0.744000
449  0.723000
450  0.762000
451  0.076000
452  0.548000
453  0.369000
454  0.475000
455  0.569000
456  0.510000
457  0.292000
458  0.255000
459  0.559000
460  0.397000
461  0.526000
462  0.289000
463  0.554000
464  0.640000
465  0.593000
466  0.110000
467  0.253000
468  0.605000
469  0.640000
470  0.382000
471  0.159000
472  0.161000
473  0.835000
474  0.718000
475  0.748000
476  0.813000
477  0.241000
478  0.421000
479  0.199000
480  0.348000
481  0.481000
482  0.453000
483  0.639000
484  0.609000
485  0.414000
486  0.787000
487  0.719000
488  0.863000
489  0.888000
490  0.875000
491  0.745000
492  0.670000
493  0.460000
494  0.181000
495  0.229000
496  0.416000
497  0.860000
498  0.797000
499  0.772000
500  0.736000
501  0.823000
502  0.700000
503  0.508000
504  0.737000
505  0.575000
506  0.560000
507  0.616000
508  0.391000
509  0.466000
510  0.526000
511  0.493000
512  0.874000
513  0.052000
514  0.833000
515  0.083000
516  0.452000
517  0.140000
518  0.309000
519  0.192000
520  0.719000
521  0.635000
522  0.782000
523  0.624000
524  0.682000
525  0.850000
526  0.713000
527  0.419000
528  0.344000
529  0.293000
530  0.379000
531  0.467000
532  0.052000
533  0.606000
534  0.819000
535  0.823000
536  0.784000
537  0.748000
538  0.797000
539  0.854000
540  0.775000
541  0.675000
542  0.656000
543  0.645000
544  0.550000
545  0.639000
546  0.667000
547  0.558000
548  0.851000
549  0.871000
550  0.819000
551  0.916000
552  0.421000
553  0.390000
554  0.507000
555  0.549000
556  0.835000
557  0.724000
558  0.639000
559  0.274000
560  0.637000
561  0.669000
562  0.687000
563  0.570000
564  0.602000
565  0.557000
566  0.503000
567  0.196000
568  0.549000
569  0.614000
570  0.199000
571  0.865000
572  0.914000
573  0.789000
574  0.104000
575  0.157000
576  0.730000
577  0.648000
578  0.077000
579  0.757000
580  0.845000
581  0.741000
582  0.489000
583  0.429000
584  0.368000
585  0.163000
586  0.442000
587  0.552000
588  0.513000
589  0.268000
590  0.229000
591  0.241000
592  0.223000
593  0.058000
594  0.919000
595  0.678000
596  0.678000
597  0.060000
598  0.179000
599  0.609000
600  0.584000
601  0.101000
602  0.502000
603  0.411000
604  0.469000
605  0.556000
606  0.507000
607  0.684000
608  0.571000
609  0.824000
610  0.829000
611  0.139000
612  0.134000
613  0.384000
614  0.377000
615  0.271000
616  0.238000
617  0.242000
618  0.448000
619  0.886000
620  0.833000
621  0.885000
622  0.785000
623  0.758000
624  0.824000
625  0.847000
626  0.805000
627  0.755000
628  0.781000
629  0.810000
630  0.838000
631  0.756000
632  0.758000
633  0.778000
634  0.892000
635  0.916000
636  0.777000
637  0.856000
638  0.768000
639  0.727000
640  0.733000
641  0.792000
642  0.758000
643  0.691000
644  0.856000
645  0.822000
646  0.706000
647  0.838000
648  0.821000
649  0.797000
650  0.726000
651  0.719000
652  0.825000
653  0.779000
654  0.713000
655  0.785000
656  0.703000
657  0.861000
658  0.872000
659  0.576000
660  0.817000
661  0.731000
662  0.687000
663  0.610000
664  0.760000
665  0.768000
666  0.730000
667  0.967000
668  0.872000
669  0.795000
670  0.838000
671  0.799000
672  0.862000
673  0.609000
674  0.780000
675  0.743000
676  0.694000
677  0.702000
678  0.815000
679  0.737000
680  0.697000
681  0.720000
682  0.863000
683  0.082000
684  0.916000
685  0.810000
686  0.744000
687  0.606000
688  0.753000
689  0.684000
690  0.778000
691  0.315000
692  0.737000
693  0.635000
694  0.750000
695  0.714000
696  0.765000
697  0.688000
698  0.544000
699  0.703000
700  0.789000
701  0.657000
702  0.772000
703  0.745000
704  0.443000
705  0.702000
706  0.748000
707  0.744000
708  0.708000
709  0.319000
710  0.218000
711  0.701000
712  0.836000
713  0.891000
714  0.863000
715  0.060000
716  0.864000
717  0.926000
718  0.838000
719  0.743000
720  0.714000
721  0.711000
722  0.568000
723  0.716000
724  0.775000
725  0.755000
726  0.915000
727  0.928000
728  0.677000
729  0.850000
730  0.782000
731  0.745000
732  0.611000
733  0.492000
734  0.463000
735  0.287000
736  0.603000
737  0.811000
738  0.719000
739  0.632000
740  0.736000
741  0.743000
742  0.243000
743  0.305000
744  0.656000
745  0.626000
746  0.775000
747  0.748000
748  0.661000
749  0.772000
750  0.780000
751  0.632000
752  0.728000
753  0.699000
754  0.488000
755  0.783000
756  0.743000
757  0.642000
758  0.757000
759  0.699000
760  0.683000
761  0.909000
762  0.877000
763  0.767000
764  0.885000
765  0.836000
766  0.738000
767  0.794000
768  0.523000
769  0.691000
770  0.666000
771  0.725000
772  0.702000
773  0.715000
774  0.734000
775  0.764000
776  0.889000
777  0.865000
778  0.844000
779  0.843000
780  0.756000
781  0.677000
782  0.717000
783  0.677000
784  0.607000
785  0.814000
786  0.923000
787  0.787000
788  0.855000
789  0.839000
790  0.800000
791  0.830000
792  0.790000
793  0.742000
794  0.694000
795  0.731000
796  0.809000
797  0.710000
798  0.807000
799  0.665000
800  0.824000
801  0.820000
802  0.147000
803  0.829000
804  0.430000
805  0.473000
806  0.512000
807  0.771000
808  0.698000
809  0.724000
810  0.956000
811  0.902000
812  0.870000
813  0.893000
814  0.772000
815  0.895000
816  0.905000
817  0.783000
818  0.793000
819  0.788000
820  0.804000
821  0.814000
822  0.757000
823  0.797000
824  0.859000
825  0.871000
826  0.833000
827  0.907000
828  0.617000
829  0.816000
830  0.864000
831  0.697000
832  0.751000
833  0.811000
834  0.799000
835  0.898000
836  0.922000
837  0.829000
838  0.864000
839  0.804000
840  0.794000
841  0.744000
842  0.634000
843  0.802000
844  0.783000
845  0.821000
846  0.836000
847  0.744000
848  0.761000
849  0.851000
850  0.845000
851  0.815000
852  0.885000
853  0.691000
854  0.810000
855  0.865000
856  0.713000
857  0.751000
858  0.798000
859  0.775000
860  0.965000
861  0.821000
862  0.810000
863  0.918000
864  0.783000
865  0.773000
866  0.818000
867  0.867000
868  0.723000
869  0.668000
870  0.834000
871  0.827000
872  0.696000
873  0.764000
874  0.778000
875  0.129000
876  0.891000
877  0.901000
878  0.778000
879  0.797000
880  0.586000
881  0.792000
882  0.785000
883  0.764000
884  0.307000
885  0.912000
886  0.854000
887  0.766000
888  0.731000
889  0.817000
890  0.873000
891  0.872000
892  0.814000
893  0.758000
894  0.771000
895  0.800000
896  0.799000
897  0.751000
898  0.712000
899  0.402000
900  0.378000
901  0.462000
902  0.315000
903  0.727000
904  0.691000
905  0.538000
906  0.755000
907  0.795000
908  0.413000
909  0.861000
910  0.843000
911  0.858000
912  0.862000
913  0.805000
914  0.839000
915  0.899000
916  0.836000
917  0.744000
918  0.752000
919  0.739000
920  0.801000
921  0.746000
922  0.759000
923  0.777000
924  0.898000
925  0.904000
926  0.925000
927  0.920000
928  0.809000
929  0.799000
930  0.606000
931  0.776000
932  0.865000
933  0.698000
934  0.911000
935  0.823000
936  0.815000
937  0.894000
938  0.839000
939  0.840000
940  0.907000
941  0.847000
942  0.712000
943  0.708000
944  0.805000
945  0.779000
946  0.677000
947  0.761000
948  0.773000
949  0.865000
950  0.884000
951  0.806000
952  0.802000
953  0.787000
954  0.583000
955  0.767000
956  0.708000
957  0.705000
958  0.828000
959  0.919000
960  0.833000
961  0.818000
962  0.911000
963  0.835000
964  0.862000
965  0.841000
966  0.686000
967  0.710000
968  0.797000
969  0.787000
970  0.683000
971  0.740000
972  0.778000
973  0.922000
974  0.921000
975  0.150000
976  0.864000
977  0.803000
978  0.776000
979  0.613000
980  0.796000
981  0.726000
982  0.686000
983  0.896000
984  0.893000
985  0.850000
986  0.860000
987  0.896000
988  0.829000
989  0.855000
990  0.840000
991  0.704000
992  0.693000
993  0.770000
994  0.791000
995  0.722000
996  0.744000
997  0.786000
998  0.905000
999  0.824000
1000  0.120000
1001  0.897000
1002  0.837000
1003  0.789000
1004  0.604000
1005  0.804000
1006  0.756000
1007  0.690000
1008  0.931000
1009  0.904000
1010  0.846000
1011  0.855000
1012  0.913000
1013  0.814000
1014  0.862000
1015  0.857000
1016  0.743000
1017  0.710000
1018  0.797000
1019  0.783000
1020  0.674000
1021  0.760000
1022  0.775000
1023  0.883000
1024  0.905000
1025  0.861000
1026  0.792000
1027  0.787000
1028  0.574000
1029  0.787000
1030  0.780000
1031  0.675000
1032  0.931000
1033  0.904000
1034  0.846000
1035  0.855000
1036  0.913000
1037  0.814000
1038  0.862000
1039  0.857000
1040  0.743000
1041  0.710000
1042  0.797000
1043  0.783000
1044  0.674000
1045  0.760000
1046  0.775000
1047  0.883000
1048  0.905000
1049  0.861000
1050  0.792000
1051  0.787000
1052  0.574000
1053  0.787000
1054  0.780000
1055  0.675000
1056  0.931000
1057  0.904000
1058  0.846000
1059  0.855000
1060  0.913000
1061  0.814000
1062  0.862000
1063  0.857000
1064  0.743000
1065  0.710000
1066  0.797000
1067  0.783000
1068  0.674000
1069  0.760000
1070  0.775000
1071  0.883000
1072  0.905000
1073  0.861000
1074  0.792000
1075  0.787000
1076  0.574000
1077  0.787000
1078  0.780000
1079  0.675000
1080  0.931000
1081  0.904000
1082  0.846000
1083  0.855000
1084  0.913000
1085  0.814000
1086  0.862000
1087  0.857000
1088  0.743000
1089  0.710000
1090  0.797000
1091  0.783000
1092  0.674000
1093  0.760000
1094  0.775000
1095  0.883000
1096  0.905000
1097  0.861000
1098  0.792000
1099  0.787000
1100  0.574000
1101  0.787000
1102  0.780000
1103  0.675000
1104  0.931000
1105  0.904000
1106  0.846000
1107  0.855000
1108  0.913000
1109  0.814000
1110  0.862000
1111  0.857000
1112  0.743000
1113  0.710000
1114  0.797000
1115  0.783000
1116  0.674000
1117  0.760000
1118  0.775000
1119  0.883000
1120  0.905000
1121  0.861000
1122  0.792000
1123  0.787000
1124  0.574000
1125  0.787000
1126  0.780000
1127  0.675000
1128  0.905000
1129  0.922000
1130  0.846000
1131  0.882000
1132  0.816000
1133  0.844000
1134  0.875000
1135  0.858000
1136  0.710000
1137  0.690000
1138  0.725000
1139  0.746000
1140  0.669000
1141  0.772000
1142  0.796000
1143  0.880000
1144  0.827000
1145  0.849000
1146  0.859000
1147  0.817000
1148  0.879000
1149  0.619000
1150  0.708000
1151  0.752000
1152  0.634000
1153  0.479000
1154  0.909000
1155  0.842000
1156  0.805000
1157  0.833000
1158  0.876000
1159  0.881000
1160  0.882000
1161  0.690000
1162  0.671000
1163  0.742000
1164  0.787000
1165  0.654000
1166  0.733000
1167  0.770000
1168  0.453000
1169  0.516000
1170  0.441000
1171  0.199000
1172  0.795000
1173  0.847000
1174  0.602000
1175  0.750000
1176  0.820000
1177  0.694000
1178  0.892000
1179  0.822000
1180  0.805000
1181  0.862000
1182  0.837000
1183  0.832000
1184  0.720000
1185  0.700000
1186  0.690000
1187  0.642000
1188  0.740000
1189  0.765000
1190  0.716000
1191  0.802000
1192  0.771000
1193  0.879000
1194  0.851000
1195  0.821000
1196  0.323000
1197  0.820000
1198  0.844000
1199  0.650000
1200  0.744000
1201  0.796000
1202  0.646000
1203  0.903000
1204  0.858000
1205  0.828000
1206  0.755000
1207  0.833000
1208  0.786000
1209  0.827000
1210  0.891000
1211  0.760000
1212  0.741000
1213  0.761000
1214  0.778000
1215  0.736000
1216  0.716000
1217  0.736000
1218  0.834000
1219  0.938000
1220  0.415000
1221  0.925000
1222  0.809000
1223  0.828000
1224  0.554000
1225  0.737000
1226  0.718000
1227  0.824000
1228  0.923000
1229  0.880000
1230  0.856000
1231  0.339000
1232  0.439000
1233  0.828000
1234  0.886000
1235  0.762000
1236  0.707000
1237  0.715000
1238  0.755000
1239  0.607000
1240  0.698000
1241  0.693000
1242  0.607000
1243  0.853000
1244  0.884000
1245  0.748000
1246  0.951000
1247  0.735000
1248  0.575000
1249  0.557000
1250  0.563000
1251  0.548000
1252  0.217000
1253  0.789000
1254  0.878000
1255  0.841000
1256  0.852000
1257  0.801000
1258  0.811000
1259  0.844000
1260  0.746000
1261  0.724000
1262  0.718000
1263  0.759000
1264  0.496000
1265  0.696000
1266  0.798000
1267  0.550000
1268  0.803000
1269  0.857000
1270  0.764000
1271  0.840000
1272  0.489000
1273  0.415000
1274  0.560000
1275  0.329000
1276  0.328000
1277  0.314000
1278  0.758000
1279  0.826000
1280  0.609000
1281  0.702000
1282  0.688000
1283  0.235000
1284  0.453000
1285  0.689000
1286  0.683000
1287  0.617000
1288  0.748000
1289  0.618000
1290  0.661000
1291  0.756000
1292  0.093000
1293  0.854000
1294  0.215000
1295  0.807000
1296  0.784000
1297  0.418000
1298  0.544000
1299  0.605000
1300  0.624000
1301  0.578000
1302  0.815000
1303  0.791000
1304  0.823000
1305  0.838000
1306  0.639000
1307  0.737000
1308  0.718000
1309  0.754000
1310  0.797000
1311  0.688000
1312  0.890000
1313  0.818000
1314  0.501000
1315  0.212000
1316  0.566000
1317  0.808000
1318  0.780000
1319  0.573000
1320  0.675000
1321  0.736000
1322  0.760000
1323  0.808000
1324  0.828000
1325  0.748000
1326  0.236000
1327  0.540000
1328  0.814000
1329  0.275000
1330  0.283000
1331  0.699000
1332  0.698000
1333  0.720000
1334  0.793000
1335  0.747000
1336  0.743000
1337  0.721000
1338  0.811000
1339  0.855000
1340  0.864000
1341  0.420000
1342  0.663000
1343  0.693000
1344  0.455000
1345  0.678000
1346  0.667000
1347  0.611000
1348  0.832000
1349  0.826000
1350  0.719000
1351  0.814000
1352  0.790000
1353  0.752000
1354  0.746000
1355  0.798000
1356  0.703000
1357  0.684000
1358  0.784000
1359  0.660000
1360  0.641000
1361  0.665000
1362  0.645000
1363  0.891000
1364  0.872000
1365  0.821000
1366  0.804000
1367  0.373000
1368  0.336000
1369  0.574000
1370  0.702000
1371  0.630000
1372  0.275000
1373  0.829000
1374  0.850000
1375  0.747000
1376  0.791000
1377  0.788000
1378  0.814000
1379  0.726000
1380  0.788000
1381  0.674000
1382  0.669000
1383  0.759000
1384  0.757000
1385  0.622000
1386  0.723000
1387  0.875000
1388  0.891000
1389  0.826000
1390  0.888000
1391  0.753000
1392  0.740000
1393  0.376000
1394  0.902000
1395  0.640000
1396  0.456000
1397  0.609000
1398  0.451000
1399  0.063000
1400  0.603000
1401  0.555000
1402  0.525000
1403  0.190000
1404  0.579000
1405  0.644000
1406  0.630000
1407  0.847000
1408  0.928000
1409  0.856000
1410  0.485000
1411  0.434000
1412  0.543000
1413  0.806000
1414  0.901000
1415  0.769000
1416  0.692000
1417  0.829000
1418  0.798000
1419  0.792000
1420  0.850000
1421  0.714000
1422  0.693000
1423  0.807000
1424  0.791000
1425  0.681000
1426  0.763000
1427  0.819000
1428  0.866000
1429  0.899000
1430  0.359000
1431  0.830000
1432  0.852000
1433  0.777000
1434  0.644000
1435  0.770000
1436  0.758000
1437  0.589000
1438  0.862000
1439  0.890000
1440  0.802000
1441  0.887000
1442  0.738000
1443  0.854000
1444  0.806000
1445  0.870000
1446  0.722000
1447  0.694000
1448  0.828000
1449  0.790000
1450  0.723000
1451  0.810000
1452  0.788000
1453  0.845000
1454  0.907000
1455  0.831000
1456  0.854000
1457  0.782000
1458  0.765000
1459  0.746000
1460  0.811000
1461  0.749000
1462  0.775000
1463  0.862000
1464  0.917000
1465  0.807000
1466  0.819000
1467  0.751000
1468  0.815000
1469  0.855000
1470  0.740000
1471  0.813000
1472  0.781000
1473  0.831000
1474  0.817000
1475  0.776000
1476  0.803000
1477  0.788000
1478  0.861000
1479  0.879000
1480  0.801000
1481  0.779000
1482  0.803000
1483  0.782000
1484  0.755000
1485  0.764000
1486  0.710000
1487  0.740000
1488  0.901000
1489  0.927000
1490  0.852000
1491  0.890000
1492  0.803000
1493  0.867000
1494  0.800000
1495  0.828000
1496  0.795000
1497  0.754000
1498  0.879000
1499  0.791000
1500  0.774000
1501  0.780000
1502  0.793000
1503  0.826000
1504  0.875000
1505  0.861000
1506  0.835000
1507  0.809000
1508  0.756000
1509  0.713000
1510  0.789000
1511  0.728000
1512  0.752000
1513  0.876000
1514  0.873000
1515  0.790000
1516  0.861000
1517  0.839000
1518  0.814000
1519  0.920000
1520  0.846000
1521  0.819000
1522  0.790000
1523  0.811000
1524  0.822000
1525  0.767000
1526  0.777000
1527  0.827000
1528  0.917000
1529  0.878000
1530  0.839000
1531  0.884000
1532  0.847000
1533  0.822000
1534  0.575000
1535  0.788000
1536  0.717000
1537  0.754000
1538  0.860000
1539  0.745000
1540  0.670000
1541  0.710000
1542  0.708000
1543  0.739000
1544  0.415000
1545  0.215000
1546  0.735000
1547  0.732000
1548  0.847000
1549  0.797000
1550  0.712000
1551  0.818000
1552  0.806000
1553  0.740000
1554  0.850000
1555  0.861000
1556  0.704000
1557  0.699000
1558  0.636000
1559  0.795000
1560  0.780000
1561  0.790000
1562  0.846000
1563  0.801000
1564  0.746000
1565  0.789000
1566  0.749000
1567  0.770000
1568  0.808000
1569  0.740000
1570  0.605000
1571  0.482000
1572  0.795000
1573  0.788000
1574  0.605000
1575  0.783000
1576  0.719000
1577  0.836000
1578  0.864000
1579  0.738000
1580  0.862000
1581  0.192000
1582  0.207000
1583  0.680000
1584  0.780000
1585  0.674000
1586  0.746000
1587  0.860000
1588  0.889000
1589  0.809000
1590  0.838000
1591  0.432000
1592  0.806000
1593  0.826000
1594  0.836000
1595  0.685000
1596  0.615000
1597  0.857000
1598  0.825000
1599  0.716000
1600  0.786000
1601  0.673000
1602  0.859000
1603  0.891000
1604  0.855000
1605  0.718000
1606  0.639000
1607  0.563000
1608  0.778000
1609  0.703000
1610  0.807000
1611  0.859000
1612  0.873000
1613  0.754000
1614  0.350000
1615  0.457000
1616  0.706000
1617  0.867000
1618  0.746000
1619  0.585000
1620  0.570000
1621  0.665000
1622  0.629000
1623  0.573000
1624  0.573000
1625  0.727000
1626  0.884000
1627  0.831000
1628  0.663000
1629  0.828000
1630  0.689000
1631  0.669000
1632  0.568000
1633  0.280000
1634  0.274000
1635  0.457000
1636  0.854000
1637  0.906000
1638  0.757000
1639  0.876000
1640  0.834000
1641  0.835000
1642  0.822000
1643  0.901000
1644  0.745000
1645  0.704000
1646  0.792000
1647  0.729000
1648  0.751000
1649  0.788000
1650  0.732000
1651  0.864000
1652  0.876000
1653  0.875000
1654  0.856000
1655  0.813000
1656  0.716000
1657  0.486000
1658  0.620000
1659  0.549000
1660  0.594000
1661  0.811000
1662  0.884000
1663  0.764000
1664  0.856000
1665  0.805000
1666  0.771000
1667  0.735000
1668  0.494000
1669  0.727000
1670  0.698000
1671  0.793000
1672  0.676000
1673  0.712000
1674  0.743000
1675  0.618000
1676  0.775000
1677  0.868000
1678  0.818000
1679  0.595000
1680  0.643000
1681  0.253000
1682  0.736000
1683  0.671000
1684  0.577000
1685  0.886000
1686  0.639000
1687  0.585000
1688  0.755000
1689  0.838000
1690  0.580000
1691  0.233000
1692  0.227000
1693  0.476000
1694  0.305000
1695  0.426000
1696  0.229000
1697  0.500000
1698  0.556000
1699  0.586000
1700  0.854000
1701  0.649000
1702  0.657000
1703  0.696000
1704  0.630000
1705  0.826000
1706  0.798000
1707  0.746000
1708  0.799000
1709  0.488000
1710  0.426000
1711  0.168000
1712  0.542000
1713  0.584000
1714  0.540000
1715  0.637000
1716  0.719000
1717  0.560000
1718  0.575000
1719  0.662000
1720  0.806000
1721  0.705000
1722  0.688000
1723  0.074000
1724  0.654000
1725  0.673000
1726  0.444000
1727  0.691000
1728  0.582000
1729  0.425000
1730  0.502000
1731  0.483000
1732  0.461000
1733  0.389000
1734  0.217000
1735  0.262000
1736  0.437000
1737  0.436000
1738  0.557000
1739  0.339000
1740  0.381000
1741  0.708000
1742  0.668000
1743  0.519000
1744  0.624000
1745  0.655000
1746  0.588000
1747  0.539000
1748  0.076000
1749  0.159000
1750  0.661000
1751  0.353000
1752  0.179000
1753  0.053000
1754  0.091000
1755  0.630000
1756  0.414000
1757  0.528000
1758  0.345000
1759  0.273000
1760  0.131000
1761  0.369000
1762  0.540000
1763  0.275000
1764  0.132000
1765  0.275000
1766  0.359000
1767  0.780000
1768  0.607000
1769  0.507000
1770  0.759000
1771  0.642000
1772  0.723000
1773  0.509000
1774  0.371000
1775  0.457000
1776  0.678000
1777  0.593000
1778  0.736000
1779  0.745000
1780  0.132000
1781  0.761000
1782  0.816000
1783  0.790000
1784  0.789000
1785  0.705000
1786  0.067000
1787  0.088000
1788  0.600000
1789  0.725000
1790  0.829000
1791  0.757000
1792  0.792000
1793  0.636000
1794  0.807000
1795  0.625000
1796  0.749000
1797  0.680000
1798  0.626000
1799  0.630000
1800  0.461000
1801  0.626000
1802  0.624000
1803  0.540000
1804  0.596000
1805  0.077000
1806  0.741000
1807  0.523000
1808  0.481000
1809  0.505000
1810  0.246000
1811  0.231000
1812  0.166000
1813  0.579000
1814  0.745000
1815  0.673000
1816  0.224000
1817  0.202000
1818  0.697000
1819  0.622000
1820  0.669000
1821  0.691000
1822  0.626000
1823  0.608000
1824  0.526000
1825  0.659000
1826  0.779000
1827  0.697000
1828  0.564000
1829  0.381000
1830  0.654000
1831  0.681000
1832  0.683000
1833  0.446000
1834  0.647000
1835  0.600000
1836  0.527000
1837  0.835000
1838  0.811000
1839  0.769000
1840  0.863000
1841  0.785000
1842  0.776000
1843  0.504000
1844  0.701000
1845  0.718000
1846  0.741000
1847  0.805000
1848  0.769000
1849  0.633000
1850  0.843000
1851  0.751000
1852  0.894000
1853  0.898000
1854  0.851000
1855  0.093000
1856  0.722000
1857  0.653000
1858  0.495000
1859  0.758000
1860  0.751000
1861  0.763000
1862  0.885000
1863  0.884000
1864  0.800000
1865  0.777000
1866  0.799000
1867  0.790000
1868  0.785000
1869  0.790000
1870  0.706000
1871  0.697000
1872  0.793000
1873  0.719000
1874  0.726000
1875  0.679000
1876  0.593000
1877  0.848000
1878  0.431000
1879  0.803000
1880  0.621000
1881  0.586000
1882  0.385000
1883  0.725000
1884  0.695000
1885  0.652000
1886  0.738000
1887  0.859000
1888  0.867000
1889  0.842000
1890  0.740000
1891  0.748000
1892  0.302000
1893  0.506000
1894  0.691000
1895  0.655000
1896  0.701000
1897  0.754000
1898  0.681000
1899  0.758000
1900  0.759000
1901  0.770000
1902  0.106000
1903  0.766000
1904  0.524000
1905  0.406000
1906  0.696000
1907  0.741000
1908  0.733000
1909  0.678000
1910  0.807000
1911  0.744000
1912  0.647000
1913  0.162000
1914  0.176000
1915  0.612000
1916  0.198000
1917  0.664000
1918  0.637000
1919  0.751000
1920  0.787000
1921  0.619000
1922  0.778000
1923  0.709000
1924  0.808000
1925  0.804000
1926  0.091000
1927  0.056000
1928  0.631000
1929  0.775000
1930  0.779000
1931  0.751000
1932  0.880000
1933  0.780000
1934  0.749000
1935  0.794000
1936  0.821000
1937  0.680000
1938  0.572000
1939  0.602000
1940  0.750000
1941  0.577000
1942  0.504000
1943  0.645000
1944  0.723000
1945  0.884000
1946  0.919000
1947  0.806000
1948  0.113000
1949  0.649000
1950  0.603000
1951  0.558000
1952  0.115000
1953  0.128000
1954  0.386000
1955  0.854000
1956  0.914000
1957  0.815000
1958  0.915000
1959  0.823000
1960  0.784000
1961  0.811000
1962  0.872000
1963  0.720000
1964  0.720000
1965  0.858000
1966  0.744000
1967  0.691000
1968  0.770000
1969  0.619000
1970  0.836000
1971  0.828000
1972  0.210000
1973  0.174000
1974  0.546000
1975  0.400000
1976  0.480000
1977  0.629000
1978  0.912000
1979  0.953000
1980  0.815000
1981  0.875000
1982  0.811000
1983  0.791000
1984  0.845000
1985  0.851000
1986  0.708000
1987  0.700000
1988  0.845000
1989  0.685000
1990  0.693000
1991  0.815000
1992  0.509000
1993  0.799000
1994  0.651000
1995  0.872000
1996  0.164000
1997  0.401000
1998  0.619000
1999  0.631000
2000  0.630000
2001  0.768000
2002  0.759000
2003  0.765000
2004  0.894000
2005  0.828000
2006  0.593000
2007  0.158000
2008  0.286000
2009  0.739000
2010  0.755000
2011  0.720000
2012  0.720000
2013  0.722000
2014  0.859000
2015  0.656000
2016  0.863000
2017  0.853000
2018  0.879000
2019  0.214000
2020  0.667000
2021  0.623000
2022  0.224000
2023  0.651000
2024  0.656000
2025  0.716000
2026  0.861000
2027  0.840000
2028  0.730000
2029  0.736000
2030  0.712000
2031  0.795000
2032  0.763000
2033  0.788000
2034  0.709000
2035  0.661000
2036  0.715000
2037  0.721000
2038  0.681000
2039  0.637000
2040  0.453000
2041  0.839000
2042  0.649000
2043  0.714000
2044  0.274000
2045  0.236000
2046  0.803000
2047  0.761000
2048  0.740000
2049  0.853000
2050  0.837000
2051  0.846000
2052  0.815000
2053  0.870000
2054  0.774000
2055  0.906000
2056  0.851000
2057  0.655000
2058  0.662000
2059  0.769000
2060  0.750000
2061  0.544000
2062  0.575000
2063  0.476000
2064  0.886000
2065  0.804000
2066  0.818000
2067  0.158000
2068  0.313000
2069  0.855000
2070  0.806000
2071  0.814000
2072  0.891000
2073  0.916000
2074  0.915000
2075  0.806000
2076  0.806000
2077  0.814000
2078  0.867000
2079  0.827000
2080  0.776000
2081  0.739000
2082  0.817000
2083  0.788000
2084  0.726000
2085  0.862000
2086  0.825000
2087  0.895000
2088  0.925000
2089  0.836000
2090  0.889000
2091  0.757000
2092  0.820000
2093  0.549000
2094  0.738000
2095  0.705000
2096  0.540000
2097  0.891000
2098  0.852000
2099  0.768000
2100  0.883000
2101  0.839000
2102  0.811000
2103  0.830000
2104  0.601000
2105  0.718000
2106  0.706000
2107  0.736000
2108  0.716000
2109  0.680000
2110  0.797000
2111  0.694000
2112  0.898000
2113  0.822000
2114  0.814000
2115  0.743000
2116  0.749000
2117  0.685000
2118  0.620000
2119  0.751000
2120  0.736000
2121  0.538000
2122  0.315000
2123  0.748000
2124  0.703000
2125  0.758000
2126  0.848000
2127  0.734000
2128  0.230000
2129  0.421000
2130  0.656000
2131  0.602000
2132  0.494000
2133  0.782000
2134  0.671000
2135  0.719000
2136  0.743000
2137  0.252000
2138  0.306000
2139  0.737000
2140  0.661000
2141  0.442000
2142  0.717000
2143  0.739000
2144  0.661000
2145  0.456000
2146  0.737000
2147  0.625000
2148  0.122000
2149  0.065000
2150  0.783000
2151  0.830000
2152  0.857000
2153  0.721000
2154  0.617000
2155  0.740000
2156  0.728000
2157  0.704000
2158  0.774000
2159  0.701000
2160  0.690000
2161  0.886000
2162  0.709000
2163  0.669000
2164  0.625000
2165  0.844000
2166  0.777000
2167  0.439000
