1  0.907000
2  0.889000
3  0.804000
4  0.751000
5  0.566000
6  0.852000
7  0.336000
8  0.638000
9  0.693000
10  0.694000
11  0.828000
12  0.805000
13  0.677000
14  0.790000
15  0.762000
16  0.865000
17  0.890000
18  0.864000
19  0.827000
20  0.786000
21  0.815000
22  0.779000
23  0.771000
24  0.683000
25  0.756000
26  0.874000
27  0.885000
28  0.826000
29  0.860000
30  0.818000
31  0.841000
32  0.904000
33  0.803000
34  0.709000
35  0.688000
36  0.833000
37  0.789000
38  0.699000
39  0.818000
40  0.764000
41  0.957000
42  0.905000
43  0.913000
44  0.880000
45  0.799000
46  0.877000
47  0.708000
48  0.759000
49  0.657000
50  0.785000
51  0.884000
52  0.865000
53  0.810000
54  0.840000
55  0.852000
56  0.838000
57  0.820000
58  0.728000
59  0.787000
60  0.745000
61  0.815000
62  0.805000
63  0.783000
64  0.827000
65  0.767000
66  0.824000
67  0.895000
68  0.894000
69  0.704000
70  0.789000
71  0.739000
72  0.746000
73  0.796000
74  0.736000
75  0.743000
76  0.875000
77  0.878000
78  0.808000
79  0.276000
80  0.686000
81  0.799000
82  0.855000
83  0.867000
84  0.723000
85  0.705000
86  0.822000
87  0.805000
88  0.676000
89  0.770000
90  0.765000
91  0.882000
92  0.909000
93  0.914000
94  0.819000
95  0.806000
96  0.829000
97  0.784000
98  0.778000
99  0.688000
100  0.751000
101  0.908000
102  0.874000
103  0.786000
104  0.764000
105  0.810000
106  0.859000
107  0.389000
108  0.566000
109  0.737000
110  0.692000
111  0.821000
112  0.792000
113  0.738000
114  0.787000
115  0.774000
116  0.967000
117  0.915000
118  0.841000
119  0.170000
120  0.774000
121  0.812000
122  0.762000
123  0.787000
124  0.696000
125  0.756000
126  0.935000
127  0.882000
128  0.808000
129  0.824000
130  0.847000
131  0.804000
132  0.863000
133  0.799000
134  0.716000
135  0.718000
136  0.812000
137  0.808000
138  0.692000
139  0.781000
140  0.783000
141  0.861000
142  0.881000
143  0.247000
144  0.864000
145  0.778000
146  0.796000
147  0.721000
148  0.765000
149  0.676000
150  0.767000
151  0.902000
152  0.819000
153  0.811000
154  0.547000
155  0.454000
156  0.746000
157  0.672000
158  0.303000
159  0.724000
160  0.684000
161  0.869000
162  0.809000
163  0.666000
164  0.766000
165  0.759000
166  0.914000
167  0.879000
168  0.886000
169  0.857000
170  0.762000
171  0.800000
172  0.747000
173  0.763000
174  0.676000
175  0.758000
176  0.921000
177  0.865000
178  0.781000
179  0.342000
180  0.223000
181  0.819000
182  0.604000
183  0.671000
184  0.710000
185  0.697000
186  0.850000
187  0.809000
188  0.675000
189  0.779000
190  0.761000
191  0.835000
192  0.922000
193  0.818000
194  0.905000
195  0.775000
196  0.822000
197  0.797000
198  0.754000
199  0.667000
200  0.756000
201  0.846000
202  0.816000
203  0.769000
204  0.809000
205  0.885000
206  0.790000
207  0.823000
208  0.833000
209  0.721000
210  0.715000
211  0.862000
212  0.805000
213  0.723000
214  0.783000
215  0.754000
216  0.864000
217  0.885000
218  0.819000
219  0.897000
220  0.782000
221  0.833000
222  0.779000
223  0.758000
224  0.670000
225  0.761000
226  0.912000
227  0.890000
228  0.774000
229  0.230000
230  0.418000
231  0.831000
232  0.693000
233  0.619000
234  0.739000
235  0.702000
236  0.856000
237  0.814000
238  0.682000
239  0.779000
240  0.752000
241  0.840000
242  0.915000
243  0.825000
244  0.891000
245  0.774000
246  0.830000
247  0.797000
248  0.742000
249  0.661000
250  0.754000
251  0.838000
252  0.843000
253  0.798000
254  0.887000
255  0.784000
256  0.765000
257  0.771000
258  0.794000
259  0.758000
260  0.711000
261  0.863000
262  0.807000
263  0.697000
264  0.794000
265  0.762000
266  0.891000
267  0.916000
268  0.896000
269  0.796000
270  0.829000
271  0.810000
272  0.748000
273  0.658000
274  0.759000
275  0.844000
276  0.865000
277  0.844000
278  0.678000
279  0.547000
280  0.865000
281  0.879000
282  0.718000
283  0.738000
284  0.727000
285  0.859000
286  0.804000
287  0.708000
288  0.803000
289  0.758000
290  0.904000
291  0.859000
292  0.870000
293  0.785000
294  0.774000
295  0.812000
296  0.785000
297  0.754000
298  0.663000
299  0.737000
300  0.916000
301  0.825000
302  0.835000
303  0.863000
304  0.828000
305  0.809000
306  0.822000
307  0.862000
308  0.731000
309  0.715000
310  0.853000
311  0.821000
312  0.722000
313  0.812000
314  0.758000
315  0.837000
316  0.877000
317  0.862000
318  0.731000
319  0.773000
320  0.809000
321  0.775000
322  0.750000
323  0.670000
324  0.760000
325  0.878000
326  0.828000
327  0.782000
328  0.690000
329  0.803000
330  0.841000
331  0.899000
332  0.812000
333  0.759000
334  0.711000
335  0.730000
336  0.447000
337  0.687000
338  0.761000
339  0.693000
340  0.889000
341  0.940000
342  0.890000
343  0.733000
344  0.669000
345  0.678000
346  0.275000
347  0.260000
348  0.055000
349  0.787000
350  0.829000
351  0.882000
352  0.771000
353  0.754000
354  0.752000
355  0.784000
356  0.647000
357  0.598000
358  0.409000
359  0.632000
360  0.580000
361  0.714000
362  0.718000
363  0.246000
364  0.837000
365  0.730000
366  0.651000
367  0.571000
368  0.054000
369  0.642000
370  0.876000
371  0.877000
372  0.794000
373  0.869000
374  0.677000
375  0.799000
376  0.490000
377  0.610000
378  0.690000
379  0.622000
380  0.778000
381  0.774000
382  0.669000
383  0.775000
384  0.700000
385  0.800000
386  0.817000
387  0.666000
388  0.712000
389  0.662000
390  0.621000
391  0.620000
392  0.529000
393  0.482000
394  0.691000
395  0.768000
396  0.759000
397  0.682000
398  0.377000
399  0.786000
400  0.665000
401  0.793000
402  0.868000
403  0.678000
404  0.566000
405  0.586000
406  0.724000
407  0.659000
408  0.795000
409  0.733000
410  0.528000
411  0.723000
412  0.667000
413  0.682000
414  0.615000
415  0.651000
416  0.346000
417  0.309000
418  0.675000
419  0.784000
420  0.868000
421  0.788000
422  0.895000
423  0.847000
424  0.799000
425  0.748000
426  0.659000
427  0.652000
428  0.648000
429  0.631000
430  0.716000
431  0.628000
432  0.718000
433  0.698000
434  0.791000
435  0.850000
436  0.719000
437  0.659000
438  0.642000
439  0.459000
440  0.404000
441  0.703000
442  0.865000
443  0.880000
444  0.789000
445  0.861000
446  0.625000
447  0.802000
448  0.849000
449  0.772000
450  0.616000
451  0.542000
452  0.642000
453  0.777000
454  0.582000
455  0.741000
456  0.717000
457  0.882000
458  0.886000
459  0.710000
460  0.654000
461  0.589000
462  0.500000
463  0.444000
464  0.716000
465  0.863000
466  0.802000
467  0.723000
468  0.329000
469  0.408000
470  0.788000
471  0.883000
472  0.804000
473  0.706000
474  0.641000
475  0.500000
476  0.751000
477  0.654000
478  0.793000
479  0.700000
480  0.080000
481  0.838000
482  0.860000
483  0.669000
484  0.607000
485  0.597000
486  0.448000
487  0.414000
488  0.683000
489  0.902000
490  0.866000
491  0.826000
492  0.825000
493  0.822000
494  0.819000
495  0.840000
496  0.823000
497  0.670000
498  0.560000
499  0.512000
500  0.763000
501  0.658000
502  0.701000
503  0.706000
504  0.926000
505  0.889000
506  0.710000
507  0.657000
508  0.574000
509  0.418000
510  0.430000
511  0.681000
512  0.858000
513  0.851000
514  0.774000
515  0.342000
516  0.290000
517  0.819000
518  0.860000
519  0.879000
520  0.653000
521  0.556000
522  0.517000
523  0.760000
524  0.641000
525  0.692000
526  0.711000
527  0.891000
528  0.918000
529  0.706000
530  0.640000
531  0.549000
532  0.406000
533  0.391000
534  0.649000
535  0.740000
536  0.660000
537  0.528000
538  0.485000
539  0.550000
540  0.807000
541  0.889000
542  0.848000
543  0.637000
544  0.499000
545  0.533000
546  0.738000
547  0.619000
548  0.698000
549  0.725000
550  0.828000
551  0.875000
552  0.717000
553  0.641000
554  0.595000
555  0.483000
556  0.432000
557  0.665000
558  0.764000
559  0.806000
560  0.797000
561  0.777000
562  0.397000
563  0.826000
564  0.818000
565  0.828000
566  0.588000
567  0.427000
568  0.538000
569  0.756000
570  0.588000
571  0.746000
572  0.749000
573  0.826000
574  0.826000
575  0.748000
576  0.683000
577  0.669000
578  0.627000
579  0.544000
580  0.702000
581  0.855000
582  0.786000
583  0.837000
584  0.238000
585  0.856000
586  0.609000
587  0.632000
588  0.632000
589  0.735000
590  0.760000
591  0.590000
592  0.620000
593  0.702000
594  0.873000
595  0.770000
596  0.736000
597  0.713000
598  0.593000
599  0.455000
600  0.382000
601  0.693000
602  0.845000
603  0.771000
604  0.685000
605  0.523000
606  0.796000
607  0.083000
608  0.351000
609  0.603000
610  0.561000
611  0.671000
612  0.756000
613  0.600000
614  0.770000
615  0.749000
616  0.745000
617  0.805000
618  0.822000
619  0.779000
620  0.623000
621  0.603000
622  0.544000
623  0.690000
624  0.849000
625  0.775000
626  0.315000
627  0.350000
628  0.809000
629  0.844000
630  0.311000
631  0.652000
632  0.592000
633  0.635000
634  0.766000
635  0.616000
636  0.705000
637  0.712000
638  0.098000
639  0.533000
640  0.874000
641  0.682000
642  0.633000
643  0.633000
644  0.628000
645  0.554000
646  0.732000
647  0.877000
648  0.922000
649  0.810000
650  0.777000
651  0.794000
652  0.854000
653  0.713000
654  0.798000
655  0.677000
656  0.592000
657  0.585000
658  0.709000
659  0.631000
660  0.702000
661  0.738000
662  0.875000
663  0.841000
664  0.854000
665  0.715000
666  0.676000
667  0.682000
668  0.403000
669  0.390000
670  0.709000
671  0.875000
672  0.734000
673  0.480000
674  0.492000
675  0.803000
676  0.765000
677  0.786000
678  0.844000
679  0.599000
680  0.415000
681  0.504000
682  0.701000
683  0.552000
684  0.669000
685  0.743000
686  0.762000
687  0.895000
688  0.915000
689  0.704000
690  0.659000
691  0.572000
692  0.472000
693  0.469000
694  0.643000
695  0.875000
696  0.852000
697  0.832000
698  0.455000
699  0.487000
700  0.865000
701  0.776000
702  0.788000
703  0.684000
704  0.647000
705  0.723000
706  0.548000
707  0.667000
708  0.732000
709  0.570000
710  0.922000
711  0.885000
712  0.115000
713  0.855000
714  0.694000
715  0.647000
716  0.554000
717  0.237000
718  0.242000
719  0.273000
720  0.854000
721  0.893000
722  0.836000
723  0.853000
724  0.879000
725  0.855000
726  0.883000
727  0.759000
728  0.719000
729  0.701000
730  0.830000
731  0.795000
732  0.694000
733  0.776000
734  0.812000
735  0.869000
736  0.930000
737  0.854000
738  0.850000
739  0.830000
740  0.725000
741  0.752000
742  0.776000
743  0.760000
744  0.736000
745  0.905000
746  0.878000
747  0.806000
748  0.834000
749  0.808000
750  0.848000
751  0.819000
752  0.797000
753  0.721000
754  0.721000
755  0.811000
756  0.782000
757  0.703000
758  0.796000
759  0.831000
760  0.834000
761  0.888000
762  0.857000
763  0.705000
764  0.840000
765  0.740000
766  0.778000
767  0.793000
768  0.758000
769  0.729000
770  0.889000
771  0.891000
772  0.802000
773  0.846000
774  0.785000
775  0.770000
776  0.851000
777  0.742000
778  0.787000
779  0.753000
780  0.825000
781  0.774000
782  0.740000
783  0.775000
784  0.821000
785  0.862000
786  0.913000
787  0.816000
788  0.497000
789  0.831000
790  0.735000
791  0.749000
792  0.787000
793  0.756000
794  0.726000
795  0.889000
796  0.834000
797  0.862000
798  0.380000
799  0.556000
800  0.828000
801  0.860000
802  0.814000
803  0.739000
804  0.699000
805  0.805000
806  0.767000
807  0.729000
808  0.823000
809  0.707000
810  0.885000
811  0.897000
812  0.339000
813  0.848000
814  0.813000
815  0.714000
816  0.657000
817  0.805000
818  0.699000
819  0.283000
820  0.671000
821  0.839000
822  0.834000
823  0.880000
824  0.834000
825  0.790000
826  0.856000
827  0.852000
828  0.737000
829  0.718000
830  0.803000
831  0.752000
832  0.698000
833  0.701000
834  0.665000
835  0.649000
836  0.702000
837  0.641000
838  0.151000
839  0.765000
840  0.682000
841  0.596000
842  0.834000
843  0.743000
844  0.457000
845  0.861000
846  0.885000
847  0.820000
848  0.863000
849  0.838000
850  0.838000
851  0.789000
852  0.793000
853  0.709000
854  0.683000
855  0.740000
856  0.739000
857  0.715000
858  0.813000
859  0.784000
860  0.883000
861  0.877000
862  0.861000
863  0.844000
864  0.791000
865  0.838000
866  0.598000
867  0.700000
868  0.740000
869  0.573000
870  0.853000
871  0.853000
872  0.844000
873  0.814000
874  0.756000
875  0.800000
876  0.793000
877  0.775000
878  0.677000
879  0.673000
880  0.719000
881  0.710000
882  0.659000
883  0.751000
884  0.780000
885  0.817000
886  0.819000
887  0.370000
888  0.792000
889  0.817000
890  0.818000
891  0.598000
892  0.730000
893  0.712000
894  0.668000
895  0.874000
896  0.826000
897  0.847000
898  0.797000
899  0.803000
900  0.784000
901  0.856000
902  0.729000
903  0.657000
904  0.638000
905  0.683000
906  0.709000
907  0.662000
908  0.743000
909  0.786000
910  0.830000
911  0.888000
912  0.623000
913  0.822000
914  0.852000
915  0.818000
916  0.547000
917  0.717000
918  0.708000
919  0.671000
920  0.866000
921  0.814000
922  0.824000
923  0.803000
924  0.828000
925  0.782000
926  0.845000
927  0.735000
928  0.656000
929  0.641000
930  0.697000
931  0.737000
932  0.652000
933  0.741000
934  0.778000
935  0.816000
936  0.900000
937  0.590000
938  0.728000
939  0.840000
940  0.800000
941  0.521000
942  0.725000
943  0.708000
944  0.718000
945  0.860000
946  0.835000
947  0.805000
948  0.822000
949  0.796000
950  0.809000
951  0.885000
952  0.744000
953  0.656000
954  0.638000
955  0.690000
956  0.699000
957  0.652000
958  0.740000
959  0.788000
960  0.862000
961  0.871000
962  0.728000
963  0.766000
964  0.832000
965  0.799000
966  0.526000
967  0.707000
968  0.707000
969  0.666000
970  0.860000
971  0.835000
972  0.805000
973  0.822000
974  0.796000
975  0.809000
976  0.885000
977  0.744000
978  0.656000
979  0.638000
980  0.690000
981  0.699000
982  0.652000
983  0.740000
984  0.788000
985  0.862000
986  0.871000
987  0.728000
988  0.766000
989  0.832000
990  0.799000
991  0.526000
992  0.707000
993  0.707000
994  0.666000
995  0.860000
996  0.835000
997  0.805000
998  0.822000
999  0.796000
1000  0.809000
1001  0.885000
1002  0.744000
1003  0.656000
1004  0.638000
1005  0.690000
1006  0.699000
1007  0.652000
1008  0.740000
1009  0.788000
1010  0.862000
1011  0.871000
1012  0.728000
1013  0.766000
1014  0.832000
1015  0.799000
1016  0.526000
1017  0.707000
1018  0.707000
1019  0.666000
1020  0.860000
1021  0.835000
1022  0.805000
1023  0.822000
1024  0.796000
1025  0.809000
1026  0.885000
1027  0.744000
1028  0.656000
1029  0.638000
1030  0.690000
1031  0.699000
1032  0.652000
1033  0.740000
1034  0.788000
1035  0.862000
1036  0.871000
1037  0.728000
1038  0.766000
1039  0.832000
1040  0.799000
1041  0.526000
1042  0.707000
1043  0.707000
1044  0.666000
1045  0.860000
1046  0.835000
1047  0.805000
1048  0.822000
1049  0.796000
1050  0.809000
1051  0.885000
1052  0.744000
1053  0.656000
1054  0.638000
1055  0.690000
1056  0.699000
1057  0.652000
1058  0.740000
1059  0.788000
1060  0.862000
1061  0.871000
1062  0.728000
1063  0.766000
1064  0.832000
1065  0.799000
1066  0.526000
1067  0.707000
1068  0.707000
1069  0.666000
