1  0.796000
2  0.773000
3  0.746000
4  0.712000
5  0.679000
6  0.837000
7  0.812000
8  0.824000
9  0.664000
10  0.559000
11  0.789000
12  0.748000
13  0.583000
14  0.745000
15  0.785000
16  0.829000
17  0.844000
18  0.745000
19  0.733000
20  0.709000
21  0.758000
22  0.700000
23  0.728000
24  0.741000
25  0.865000
26  0.819000
27  0.890000
28  0.794000
29  0.800000
30  0.893000
31  0.821000
32  0.703000
33  0.670000
34  0.778000
35  0.758000
36  0.694000
37  0.775000
38  0.793000
39  0.813000
40  0.949000
41  0.829000
42  0.811000
43  0.760000
44  0.651000
45  0.756000
46  0.712000
47  0.730000
48  0.885000
49  0.834000
50  0.726000
51  0.800000
52  0.778000
53  0.874000
54  0.820000
55  0.671000
56  0.681000
57  0.769000
58  0.754000
59  0.662000
60  0.721000
61  0.715000
62  0.783000
63  0.794000
64  0.499000
65  0.540000
66  0.527000
67  0.495000
68  0.557000
69  0.768000
70  0.880000
71  0.923000
72  0.793000
73  0.896000
74  0.887000
75  0.842000
76  0.853000
77  0.867000
78  0.818000
79  0.788000
80  0.842000
81  0.812000
82  0.724000
83  0.715000
84  0.794000
85  0.785000
86  0.910000
87  0.916000
88  0.847000
89  0.827000
90  0.652000
91  0.743000
92  0.696000
93  0.753000
94  0.150000
95  0.819000
96  0.827000
97  0.525000
98  0.710000
99  0.751000
100  0.817000
101  0.722000
102  0.664000
103  0.650000
104  0.802000
105  0.813000
106  0.631000
107  0.842000
108  0.770000
109  0.219000
110  0.144000
111  0.783000
112  0.689000
113  0.744000
114  0.585000
115  0.646000
116  0.623000
117  0.709000
118  0.931000
119  0.916000
120  0.814000
121  0.606000
122  0.317000
123  0.831000
124  0.821000
125  0.223000
126  0.698000
127  0.672000
128  0.769000
129  0.814000
130  0.679000
131  0.764000
132  0.746000
133  0.901000
134  0.896000
135  0.709000
136  0.723000
137  0.700000
138  0.701000
139  0.631000
140  0.729000
141  0.919000
142  0.718000
143  0.540000
144  0.857000
145  0.730000
146  0.813000
147  0.790000
148  0.788000
149  0.649000
150  0.559000
151  0.749000
152  0.743000
153  0.627000
154  0.796000
155  0.824000
156  0.923000
157  0.902000
158  0.739000
159  0.746000
160  0.719000
161  0.751000
162  0.655000
163  0.699000
164  0.831000
165  0.791000
166  0.697000
167  0.169000
168  0.496000
169  0.866000
170  0.888000
171  0.851000
172  0.718000
173  0.673000
174  0.774000
175  0.736000
176  0.681000
177  0.739000
178  0.779000
179  0.081000
180  0.892000
181  0.826000
182  0.831000
183  0.772000
184  0.770000
185  0.361000
186  0.402000
187  0.596000
188  0.844000
189  0.906000
190  0.858000
191  0.084000
192  0.078000
193  0.876000
194  0.768000
195  0.699000
196  0.797000
197  0.769000
198  0.796000
199  0.721000
200  0.782000
201  0.746000
202  0.781000
203  0.907000
204  0.839000
205  0.873000
206  0.794000
207  0.851000
208  0.649000
209  0.430000
210  0.460000
211  0.734000
212  0.240000
213  0.801000
214  0.840000
215  0.613000
216  0.835000
217  0.763000
218  0.791000
219  0.878000
220  0.725000
221  0.654000
222  0.719000
223  0.732000
224  0.698000
225  0.816000
226  0.814000
227  0.396000
228  0.164000
229  0.763000
230  0.790000
231  0.774000
232  0.741000
233  0.631000
234  0.526000
235  0.840000
236  0.782000
237  0.710000
238  0.083000
239  0.677000
240  0.720000
241  0.700000
242  0.804000
243  0.745000
244  0.660000
245  0.794000
246  0.760000
247  0.806000
248  0.110000
249  0.776000
250  0.676000
251  0.580000
252  0.694000
253  0.714000
254  0.776000
255  0.745000
256  0.898000
257  0.791000
258  0.788000
259  0.861000
260  0.785000
261  0.700000
262  0.166000
263  0.704000
264  0.697000
265  0.824000
266  0.776000
267  0.621000
268  0.815000
269  0.712000
270  0.847000
271  0.837000
272  0.392000
273  0.294000
274  0.641000
275  0.800000
276  0.753000
277  0.792000
278  0.874000
279  0.900000
280  0.826000
281  0.261000
282  0.239000
283  0.796000
284  0.770000
285  0.746000
286  0.694000
287  0.678000
288  0.685000
289  0.709000
290  0.664000
291  0.714000
292  0.637000
293  0.894000
294  0.938000
295  0.817000
296  0.875000
297  0.709000
298  0.664000
299  0.199000
300  0.688000
301  0.663000
302  0.674000
303  0.878000
304  0.879000
305  0.785000
306  0.748000
307  0.867000
308  0.747000
309  0.349000
310  0.679000
311  0.682000
312  0.651000
313  0.689000
314  0.646000
315  0.669000
316  0.690000
317  0.515000
318  0.879000
319  0.932000
320  0.853000
321  0.819000
322  0.370000
323  0.449000
324  0.141000
325  0.633000
326  0.570000
327  0.535000
328  0.910000
329  0.886000
330  0.776000
331  0.876000
332  0.734000
333  0.894000
334  0.777000
335  0.768000
336  0.789000
337  0.737000
338  0.703000
339  0.820000
340  0.797000
341  0.737000
342  0.798000
343  0.821000
344  0.835000
345  0.855000
346  0.242000
347  0.780000
348  0.806000
349  0.587000
350  0.761000
351  0.747000
352  0.601000
353  0.858000
354  0.873000
355  0.883000
356  0.855000
357  0.779000
358  0.829000
359  0.875000
360  0.806000
361  0.833000
362  0.792000
363  0.712000
364  0.862000
365  0.785000
366  0.765000
367  0.824000
368  0.875000
369  0.871000
370  0.772000
371  0.888000
372  0.852000
373  0.836000
374  0.642000
375  0.790000
376  0.795000
377  0.689000
378  0.880000
379  0.815000
380  0.855000
381  0.811000
382  0.811000
383  0.870000
384  0.875000
385  0.833000
386  0.781000
387  0.724000
388  0.775000
389  0.800000
390  0.767000
391  0.778000
392  0.826000
393  0.906000
394  0.898000
395  0.888000
396  0.876000
397  0.851000
398  0.836000
399  0.634000
400  0.775000
401  0.723000
402  0.608000
403  0.403000
404  0.849000
405  0.849000
406  0.868000
407  0.804000
408  0.807000
409  0.883000
410  0.884000
411  0.764000
412  0.700000
413  0.762000
414  0.806000
415  0.763000
416  0.791000
417  0.834000
418  0.417000
419  0.432000
420  0.183000
421  0.472000
422  0.843000
423  0.847000
424  0.576000
425  0.783000
426  0.730000
427  0.594000
428  0.901000
429  0.886000
430  0.807000
431  0.869000
432  0.812000
433  0.866000
434  0.836000
435  0.835000
436  0.740000
437  0.689000
438  0.794000
439  0.795000
440  0.739000
441  0.804000
442  0.824000
443  0.839000
444  0.869000
445  0.848000
446  0.849000
447  0.816000
448  0.816000
449  0.542000
450  0.816000
451  0.777000
452  0.609000
453  0.849000
454  0.897000
455  0.859000
456  0.830000
457  0.782000
458  0.819000
459  0.798000
460  0.212000
461  0.762000
462  0.741000
463  0.764000
464  0.803000
465  0.707000
466  0.757000
467  0.840000
468  0.935000
469  0.915000
470  0.858000
471  0.705000
472  0.836000
473  0.858000
474  0.603000
475  0.829000
476  0.760000
477  0.642000
478  0.920000
479  0.844000
480  0.831000
481  0.870000
482  0.855000
483  0.822000
484  0.876000
485  0.817000
486  0.745000
487  0.717000
488  0.772000
489  0.678000
490  0.725000
491  0.721000
492  0.577000
493  0.852000
494  0.895000
495  0.826000
496  0.860000
497  0.260000
498  0.254000
499  0.741000
500  0.758000
501  0.461000
502  0.822000
503  0.867000
504  0.849000
505  0.895000
506  0.818000
507  0.827000
508  0.809000
509  0.727000
510  0.724000
511  0.711000
512  0.720000
513  0.616000
514  0.684000
515  0.734000
516  0.529000
517  0.868000
518  0.846000
519  0.846000
520  0.793000
521  0.436000
522  0.278000
523  0.692000
524  0.707000
525  0.438000
526  0.813000
527  0.896000
528  0.867000
529  0.897000
530  0.767000
531  0.865000
532  0.797000
533  0.779000
534  0.692000
535  0.683000
536  0.707000
537  0.635000
538  0.675000
539  0.694000
540  0.520000
541  0.870000
542  0.879000
543  0.727000
544  0.804000
545  0.271000
546  0.338000
547  0.241000
548  0.687000
549  0.708000
550  0.445000
551  0.886000
552  0.911000
553  0.874000
554  0.876000
555  0.859000
556  0.837000
557  0.796000
558  0.678000
559  0.709000
560  0.672000
561  0.715000
562  0.622000
563  0.685000
564  0.699000
565  0.596000
566  0.825000
567  0.870000
568  0.559000
569  0.890000
570  0.437000
571  0.497000
572  0.326000
573  0.696000
574  0.722000
575  0.487000
576  0.886000
577  0.911000
578  0.874000
579  0.876000
580  0.859000
581  0.837000
582  0.796000
583  0.678000
584  0.709000
585  0.672000
586  0.715000
587  0.622000
588  0.685000
589  0.699000
590  0.596000
591  0.825000
592  0.870000
593  0.559000
594  0.890000
595  0.437000
596  0.497000
597  0.326000
598  0.696000
599  0.722000
600  0.487000
601  0.886000
602  0.911000
603  0.874000
604  0.876000
605  0.859000
606  0.837000
607  0.796000
608  0.678000
609  0.709000
610  0.672000
611  0.715000
612  0.622000
613  0.685000
614  0.699000
615  0.596000
616  0.825000
617  0.870000
618  0.559000
619  0.890000
620  0.437000
621  0.497000
622  0.326000
623  0.696000
624  0.722000
625  0.487000
626  0.886000
627  0.911000
628  0.874000
629  0.876000
630  0.859000
631  0.837000
632  0.796000
633  0.678000
634  0.709000
635  0.672000
636  0.715000
637  0.622000
638  0.685000
639  0.699000
640  0.596000
641  0.825000
642  0.870000
643  0.559000
644  0.890000
645  0.437000
646  0.497000
647  0.326000
648  0.696000
649  0.722000
650  0.487000
651  0.886000
652  0.911000
653  0.874000
654  0.876000
655  0.859000
656  0.837000
657  0.796000
658  0.678000
659  0.709000
660  0.672000
661  0.715000
662  0.622000
663  0.685000
664  0.699000
665  0.596000
666  0.825000
667  0.870000
668  0.559000
669  0.890000
670  0.437000
671  0.497000
672  0.326000
673  0.696000
674  0.722000
675  0.487000
676  0.886000
677  0.911000
678  0.874000
679  0.876000
680  0.859000
681  0.837000
682  0.796000
683  0.678000
684  0.709000
685  0.672000
686  0.715000
687  0.622000
688  0.685000
689  0.699000
690  0.596000
691  0.825000
692  0.870000
693  0.559000
694  0.890000
695  0.437000
696  0.497000
697  0.326000
698  0.696000
699  0.722000
700  0.487000
701  0.886000
702  0.911000
703  0.874000
704  0.876000
705  0.859000
706  0.837000
707  0.796000
708  0.678000
709  0.709000
710  0.672000
711  0.715000
712  0.622000
713  0.685000
714  0.699000
715  0.596000
716  0.825000
717  0.870000
718  0.559000
719  0.890000
720  0.437000
721  0.497000
722  0.326000
723  0.696000
724  0.722000
725  0.487000
726  0.886000
727  0.911000
728  0.874000
729  0.876000
730  0.859000
731  0.837000
732  0.796000
733  0.678000
734  0.709000
735  0.672000
736  0.715000
737  0.622000
738  0.685000
739  0.699000
740  0.596000
741  0.825000
742  0.870000
743  0.559000
744  0.890000
745  0.437000
746  0.497000
747  0.326000
748  0.696000
749  0.722000
750  0.487000
751  0.886000
752  0.911000
753  0.874000
754  0.876000
755  0.859000
756  0.837000
757  0.796000
758  0.678000
759  0.709000
760  0.672000
761  0.715000
762  0.622000
763  0.685000
764  0.699000
765  0.596000
766  0.825000
767  0.870000
768  0.559000
769  0.890000
770  0.437000
771  0.497000
772  0.326000
773  0.696000
774  0.722000
775  0.487000
776  0.929000
777  0.875000
778  0.761000
779  0.808000
780  0.671000
781  0.792000
782  0.841000
783  0.769000
784  0.662000
785  0.649000
786  0.745000
787  0.763000
788  0.655000
789  0.729000
790  0.779000
791  0.895000
792  0.834000
793  0.878000
794  0.806000
795  0.791000
796  0.821000
797  0.564000
798  0.745000
799  0.828000
800  0.622000
801  0.866000
802  0.864000
803  0.777000
804  0.771000
805  0.658000
806  0.829000
807  0.577000
808  0.692000
809  0.696000
810  0.724000
811  0.769000
812  0.688000
813  0.743000
814  0.783000
815  0.946000
816  0.903000
817  0.874000
818  0.797000
819  0.762000
820  0.817000
821  0.552000
822  0.740000
823  0.819000
824  0.605000
825  0.888000
826  0.865000
827  0.813000
828  0.678000
829  0.711000
830  0.791000
831  0.902000
832  0.818000
833  0.650000
834  0.636000
835  0.703000
836  0.744000
837  0.653000
838  0.707000
839  0.773000
840  0.863000
841  0.816000
842  0.847000
843  0.761000
844  0.805000
845  0.586000
846  0.708000
847  0.792000
848  0.663000
849  0.871000
850  0.889000
851  0.815000
852  0.854000
853  0.312000
854  0.785000
855  0.881000
856  0.863000
857  0.693000
858  0.676000
859  0.750000
860  0.802000
861  0.674000
862  0.759000
863  0.748000
864  0.900000
865  0.922000
866  0.809000
867  0.328000
868  0.767000
869  0.793000
870  0.665000
871  0.780000
872  0.819000
873  0.684000
874  0.892000
875  0.914000
876  0.821000
877  0.828000
878  0.913000
879  0.842000
880  0.497000
881  0.618000
882  0.728000
883  0.685000
884  0.848000
885  0.757000
886  0.698000
887  0.788000
888  0.790000
889  0.884000
890  0.944000
891  0.842000
892  0.878000
893  0.816000
894  0.792000
895  0.740000
896  0.810000
897  0.765000
898  0.738000
899  0.867000
900  0.881000
901  0.823000
902  0.664000
903  0.757000
904  0.886000
905  0.696000
906  0.790000
907  0.728000
908  0.713000
909  0.852000
910  0.778000
911  0.697000
912  0.792000
913  0.764000
914  0.911000
915  0.868000
916  0.858000
917  0.803000
918  0.818000
919  0.780000
920  0.789000
921  0.750000
922  0.756000
923  0.917000
924  0.880000
925  0.789000
926  0.828000
927  0.764000
928  0.845000
929  0.497000
930  0.650000
931  0.727000
932  0.719000
933  0.820000
934  0.759000
935  0.712000
936  0.838000
937  0.763000
938  0.874000
939  0.854000
940  0.938000
941  0.793000
942  0.775000
943  0.818000
944  0.787000
945  0.788000
946  0.751000
947  0.730000
948  0.925000
949  0.861000
950  0.826000
951  0.898000
952  0.744000
953  0.810000
954  0.848000
955  0.820000
956  0.793000
957  0.721000
958  0.795000
959  0.682000
960  0.756000
961  0.847000
962  0.713000
963  0.831000
964  0.938000
965  0.869000
966  0.795000
967  0.673000
968  0.546000
969  0.131000
970  0.659000
971  0.822000
972  0.822000
973  0.656000
974  0.376000
975  0.708000
976  0.792000
977  0.787000
978  0.771000
979  0.635000
980  0.559000
981  0.636000
982  0.685000
983  0.600000
984  0.730000
985  0.691000
986  0.875000
987  0.877000
988  0.636000
989  0.552000
990  0.645000
991  0.094000
992  0.080000
993  0.720000
994  0.889000
995  0.766000
996  0.514000
997  0.115000
998  0.267000
999  0.790000
1000  0.831000
1001  0.841000
1002  0.654000
1003  0.622000
1004  0.550000
1005  0.759000
1006  0.654000
1007  0.766000
1008  0.705000
1009  0.895000
1010  0.882000
1011  0.089000
1012  0.804000
1013  0.695000
1014  0.652000
1015  0.688000
1016  0.431000
1017  0.388000
1018  0.692000
1019  0.874000
1020  0.818000
1021  0.784000
1022  0.829000
1023  0.859000
1024  0.816000
1025  0.923000
1026  0.817000
1027  0.719000
1028  0.694000
1029  0.663000
1030  0.746000
1031  0.691000
1032  0.645000
1033  0.638000
1034  0.924000
1035  0.894000
1036  0.832000
1037  0.893000
1038  0.617000
1039  0.553000
1040  0.521000
1041  0.551000
1042  0.526000
1043  0.723000
1044  0.645000
1045  0.908000
1046  0.827000
1047  0.917000
1048  0.776000
1049  0.812000
1050  0.795000
1051  0.809000
1052  0.723000
1053  0.721000
1054  0.750000
1055  0.707000
1056  0.685000
1057  0.796000
1058  0.762000
1059  0.489000
1060  0.804000
1061  0.844000
1062  0.753000
1063  0.687000
1064  0.453000
1065  0.206000
1066  0.137000
1067  0.654000
1068  0.868000
1069  0.896000
1070  0.835000
1071  0.840000
1072  0.835000
1073  0.849000
1074  0.883000
1075  0.728000
1076  0.726000
1077  0.764000
1078  0.785000
1079  0.613000
1080  0.679000
1081  0.831000
1082  0.564000
1083  0.880000
1084  0.928000
1085  0.770000
1086  0.874000
1087  0.658000
1088  0.636000
1089  0.502000
1090  0.109000
1091  0.097000
1092  0.453000
1093  0.883000
1094  0.848000
1095  0.841000
1096  0.841000
1097  0.802000
1098  0.861000
1099  0.740000
1100  0.760000
1101  0.753000
1102  0.720000
1103  0.857000
1104  0.804000
1105  0.758000
1106  0.828000
1107  0.780000
1108  0.942000
1109  0.937000
1110  0.856000
1111  0.750000
1112  0.779000
1113  0.810000
1114  0.760000
1115  0.774000
1116  0.738000
1117  0.735000
1118  0.832000
1119  0.908000
1120  0.769000
1121  0.772000
1122  0.780000
1123  0.831000
1124  0.898000
1125  0.827000
1126  0.730000
1127  0.706000
1128  0.768000
1129  0.704000
1130  0.761000
1131  0.808000
1132  0.698000
1133  0.833000
1134  0.768000
1135  0.779000
1136  0.415000
1137  0.263000
1138  0.218000
1139  0.609000
1140  0.726000
1141  0.614000
1142  0.630000
1143  0.608000
1144  0.861000
1145  0.845000
1146  0.903000
1147  0.693000
1148  0.839000
1149  0.858000
1150  0.864000
1151  0.796000
1152  0.728000
1153  0.857000
1154  0.730000
1155  0.741000
1156  0.730000
1157  0.499000
1158  0.523000
1159  0.339000
1160  0.741000
1161  0.313000
1162  0.294000
1163  0.314000
1164  0.766000
1165  0.647000
1166  0.569000
1167  0.928000
1168  0.770000
1169  0.782000
1170  0.802000
1171  0.674000
1172  0.615000
1173  0.197000
1174  0.216000
1175  0.709000
1176  0.658000
1177  0.788000
1178  0.649000
1179  0.633000
1180  0.774000
1181  0.547000
1182  0.881000
1183  0.816000
1184  0.894000
1185  0.335000
1186  0.362000
1187  0.304000
1188  0.671000
1189  0.620000
1190  0.661000
1191  0.880000
1192  0.870000
1193  0.741000
1194  0.858000
1195  0.816000
1196  0.864000
1197  0.872000
1198  0.782000
1199  0.727000
1200  0.694000
1201  0.807000
1202  0.657000
1203  0.723000
1204  0.745000
1205  0.706000
1206  0.763000
1207  0.858000
1208  0.222000
1209  0.872000
1210  0.153000
1211  0.134000
1212  0.678000
1213  0.700000
1214  0.657000
1215  0.524000
1216  0.864000
1217  0.836000
1218  0.830000
1219  0.856000
1220  0.805000
1221  0.851000
1222  0.860000
1223  0.793000
1224  0.753000
1225  0.727000
1226  0.863000
1227  0.614000
1228  0.770000
1229  0.765000
1230  0.707000
1231  0.926000
1232  0.909000
1233  0.884000
1234  0.843000
1235  0.503000
1236  0.434000
1237  0.548000
1238  0.658000
1239  0.598000
1240  0.526000
1241  0.794000
1242  0.878000
1243  0.824000
1244  0.897000
1245  0.809000
1246  0.822000
1247  0.757000
1248  0.559000
1249  0.767000
1250  0.730000
1251  0.826000
1252  0.799000
1253  0.708000
1254  0.815000
1255  0.781000
1256  0.743000
1257  0.721000
1258  0.804000
1259  0.814000
1260  0.733000
1261  0.502000
1262  0.671000
1263  0.636000
1264  0.718000
1265  0.905000
1266  0.928000
1267  0.804000
1268  0.672000
1269  0.704000
1270  0.817000
1271  0.801000
1272  0.803000
1273  0.719000
1274  0.710000
1275  0.799000
1276  0.831000
1277  0.707000
1278  0.825000
1279  0.829000
1280  0.857000
1281  0.901000
1282  0.418000
1283  0.850000
1284  0.857000
1285  0.776000
1286  0.720000
1287  0.789000
1288  0.788000
1289  0.747000
1290  0.628000
1291  0.812000
1292  0.833000
1293  0.774000
1294  0.589000
1295  0.792000
1296  0.831000
1297  0.747000
1298  0.799000
1299  0.772000
1300  0.816000
1301  0.812000
1302  0.777000
1303  0.834000
1304  0.792000
1305  0.648000
1306  0.653000
1307  0.266000
1308  0.746000
1309  0.828000
1310  0.756000
1311  0.769000
1312  0.738000
1313  0.731000
1314  0.759000
1315  0.829000
1316  0.848000
1317  0.849000
1318  0.854000
1319  0.883000
1320  0.833000
1321  0.866000
1322  0.787000
1323  0.754000
1324  0.709000
1325  0.766000
1326  0.772000
1327  0.762000
1328  0.847000
1329  0.782000
1330  0.878000
1331  0.636000
1332  0.821000
1333  0.811000
1334  0.773000
1335  0.723000
1336  0.771000
1337  0.817000
1338  0.575000
1339  0.858000
1340  0.855000
1341  0.825000
1342  0.830000
1343  0.799000
1344  0.849000
1345  0.874000
1346  0.809000
1347  0.782000
1348  0.740000
1349  0.853000
1350  0.835000
1351  0.693000
1352  0.781000
1353  0.798000
1354  0.050000
1355  0.839000
1356  0.841000
1357  0.820000
1358  0.789000
1359  0.590000
1360  0.795000
1361  0.731000
1362  0.781000
1363  0.071000
1364  0.799000
1365  0.640000
1366  0.653000
1367  0.474000
1368  0.626000
1369  0.151000
1370  0.692000
1371  0.694000
1372  0.831000
1373  0.769000
1374  0.616000
1375  0.757000
1376  0.730000
1377  0.074000
1378  0.320000
1379  0.759000
1380  0.625000
1381  0.671000
1382  0.713000
1383  0.654000
1384  0.682000
1385  0.901000
1386  0.856000
1387  0.812000
1388  0.805000
1389  0.788000
1390  0.804000
1391  0.105000
1392  0.733000
1393  0.725000
1394  0.842000
1395  0.804000
1396  0.726000
1397  0.817000
1398  0.819000
1399  0.834000
1400  0.907000
1401  0.711000
1402  0.790000
1403  0.710000
1404  0.778000
1405  0.853000
1406  0.783000
1407  0.870000
1408  0.893000
1409  0.622000
1410  0.823000
1411  0.881000
1412  0.853000
1413  0.676000
1414  0.699000
1415  0.766000
1416  0.764000
1417  0.685000
1418  0.776000
1419  0.731000
1420  0.838000
1421  0.887000
1422  0.303000
1423  0.270000
1424  0.681000
1425  0.691000
1426  0.725000
1427  0.782000
1428  0.703000
1429  0.830000
1430  0.855000
1431  0.815000
1432  0.561000
1433  0.189000
1434  0.342000
1435  0.621000
1436  0.626000
1437  0.760000
1438  0.776000
1439  0.570000
1440  0.674000
1441  0.643000
1442  0.137000
1443  0.878000
1444  0.327000
1445  0.109000
1446  0.572000
1447  0.762000
1448  0.780000
1449  0.782000
1450  0.353000
1451  0.842000
1452  0.784000
1453  0.079000
1454  0.059000
1455  0.798000
1456  0.922000
1457  0.821000
1458  0.675000
1459  0.619000
1460  0.793000
1461  0.727000
1462  0.611000
1463  0.795000
1464  0.673000
1465  0.543000
1466  0.396000
1467  0.866000
1468  0.282000
1469  0.377000
1470  0.584000
1471  0.633000
1472  0.710000
1473  0.719000
1474  0.915000
1475  0.853000
1476  0.717000
1477  0.191000
1478  0.846000
1479  0.518000
1480  0.607000
1481  0.772000
1482  0.749000
1483  0.549000
1484  0.626000
1485  0.761000
1486  0.754000
1487  0.693000
1488  0.845000
1489  0.757000
1490  0.510000
1491  0.571000
1492  0.555000
1493  0.284000
1494  0.390000
1495  0.585000
1496  0.859000
1497  0.759000
1498  0.863000
1499  0.745000
1500  0.846000
1501  0.171000
1502  0.716000
1503  0.708000
1504  0.540000
1505  0.493000
1506  0.702000
1507  0.704000
1508  0.767000
1509  0.865000
1510  0.836000
1511  0.737000
1512  0.716000
1513  0.616000
1514  0.140000
1515  0.148000
1516  0.325000
1517  0.702000
1518  0.884000
1519  0.811000
1520  0.891000
1521  0.589000
1522  0.791000
1523  0.937000
1524  0.804000
1525  0.732000
1526  0.688000
1527  0.683000
1528  0.562000
1529  0.703000
1530  0.765000
1531  0.766000
1532  0.843000
1533  0.866000
1534  0.813000
1535  0.739000
1536  0.708000
1537  0.296000
1538  0.309000
1539  0.264000
1540  0.752000
1541  0.915000
1542  0.822000
1543  0.798000
1544  0.628000
1545  0.849000
1546  0.800000
1547  0.800000
1548  0.790000
1549  0.800000
1550  0.835000
1551  0.810000
1552  0.834000
1553  0.806000
1554  0.803000
1555  0.781000
1556  0.148000
1557  0.854000
1558  0.848000
1559  0.808000
1560  0.720000
1561  0.834000
1562  0.836000
1563  0.458000
1564  0.893000
1565  0.930000
1566  0.818000
1567  0.818000
1568  0.848000
1569  0.864000
1570  0.860000
1571  0.872000
1572  0.750000
1573  0.668000
1574  0.783000
1575  0.799000
1576  0.740000
1577  0.810000
1578  0.798000
1579  0.816000
1580  0.885000
1581  0.768000
1582  0.761000
1583  0.645000
1584  0.778000
1585  0.700000
1586  0.734000
1587  0.425000
1588  0.842000
1589  0.815000
1590  0.166000
1591  0.131000
1592  0.834000
1593  0.832000
1594  0.832000
1595  0.790000
1596  0.760000
1597  0.694000
1598  0.779000
1599  0.753000
1600  0.798000
1601  0.738000
1602  0.487000
1603  0.153000
1604  0.853000
1605  0.706000
1606  0.774000
1607  0.734000
1608  0.814000
1609  0.677000
1610  0.482000
1611  0.842000
1612  0.840000
1613  0.872000
1614  0.402000
1615  0.799000
1616  0.875000
1617  0.487000
1618  0.727000
1619  0.717000
1620  0.777000
1621  0.762000
1622  0.704000
1623  0.799000
1624  0.824000
1625  0.866000
1626  0.725000
1627  0.073000
1628  0.748000
1629  0.780000
1630  0.802000
1631  0.767000
1632  0.846000
1633  0.827000
1634  0.853000
1635  0.860000
1636  0.730000
1637  0.770000
1638  0.746000
1639  0.787000
1640  0.785000
1641  0.720000
1642  0.717000
1643  0.609000
1644  0.783000
1645  0.882000
1646  0.165000
1647  0.137000
1648  0.306000
1649  0.777000
1650  0.831000
1651  0.719000
1652  0.861000
1653  0.908000
1654  0.866000
1655  0.788000
1656  0.744000
1657  0.838000
1658  0.853000
1659  0.882000
1660  0.864000
1661  0.816000
1662  0.867000
1663  0.809000
1664  0.823000
1665  0.805000
1666  0.831000
1667  0.857000
1668  0.847000
1669  0.811000
1670  0.816000
1671  0.618000
1672  0.733000
1673  0.676000
1674  0.685000
1675  0.911000
1676  0.921000
1677  0.859000
1678  0.253000
1679  0.282000
1680  0.878000
1681  0.888000
1682  0.840000
1683  0.787000
1684  0.746000
1685  0.863000
1686  0.787000
1687  0.766000
1688  0.753000
1689  0.778000
1690  0.868000
1691  0.899000
1692  0.257000
1693  0.866000
1694  0.825000
1695  0.806000
1696  0.550000
1697  0.632000
1698  0.600000
1699  0.627000
1700  0.864000
1701  0.904000
1702  0.882000
1703  0.826000
1704  0.847000
1705  0.865000
1706  0.859000
1707  0.822000
1708  0.783000
1709  0.786000
1710  0.820000
1711  0.713000
1712  0.748000
1713  0.759000
1714  0.631000
1715  0.865000
1716  0.842000
1717  0.735000
1718  0.811000
1719  0.684000
1720  0.655000
1721  0.481000
1722  0.520000
1723  0.556000
1724  0.279000
1725  0.863000
1726  0.916000
1727  0.852000
1728  0.858000
1729  0.860000
1730  0.830000
1731  0.878000
1732  0.829000
1733  0.785000
1734  0.775000
1735  0.815000
1736  0.767000
1737  0.764000
1738  0.875000
1739  0.729000
1740  0.914000
1741  0.908000
1742  0.858000
1743  0.671000
1744  0.812000
1745  0.714000
1746  0.655000
1747  0.715000
1748  0.682000
1749  0.372000
1750  0.897000
1751  0.908000
1752  0.815000
1753  0.866000
1754  0.818000
1755  0.826000
1756  0.861000
1757  0.826000
1758  0.770000
1759  0.767000
1760  0.658000
1761  0.502000
1762  0.790000
1763  0.805000
1764  0.690000
1765  0.853000
1766  0.842000
1767  0.856000
1768  0.515000
1769  0.465000
1770  0.568000
1771  0.445000
1772  0.325000
1773  0.419000
1774  0.881000
1775  0.897000
1776  0.807000
1777  0.860000
1778  0.849000
1779  0.816000
1780  0.827000
1781  0.852000
1782  0.787000
1783  0.706000
1784  0.805000
1785  0.613000
1786  0.719000
1787  0.832000
1788  0.634000
1789  0.857000
1790  0.884000
1791  0.870000
1792  0.710000
1793  0.663000
1794  0.272000
1795  0.241000
1796  0.469000
1797  0.821000
1798  0.809000
1799  0.737000
1800  0.930000
1801  0.853000
1802  0.795000
1803  0.810000
1804  0.699000
1805  0.438000
1806  0.398000
1807  0.608000
1808  0.337000
1809  0.393000
1810  0.568000
1811  0.599000
1812  0.328000
1813  0.841000
1814  0.802000
1815  0.569000
1816  0.576000
1817  0.537000
1818  0.844000
1819  0.595000
1820  0.373000
1821  0.159000
1822  0.262000
1823  0.722000
1824  0.840000
1825  0.707000
1826  0.604000
1827  0.573000
1828  0.772000
1829  0.702000
1830  0.572000
1831  0.741000
1832  0.678000
1833  0.858000
1834  0.880000
1835  0.911000
1836  0.708000
1837  0.635000
1838  0.601000
1839  0.699000
1840  0.671000
1841  0.672000
1842  0.882000
1843  0.884000
1844  0.758000
1845  0.889000
1846  0.811000
1847  0.821000
1848  0.871000
1849  0.850000
1850  0.736000
1851  0.702000
1852  0.608000
1853  0.514000
1854  0.703000
1855  0.799000
1856  0.735000
1857  0.886000
1858  0.952000
1859  0.823000
1860  0.814000
1861  0.804000
1862  0.711000
1863  0.657000
1864  0.656000
1865  0.662000
1866  0.371000
1867  0.873000
1868  0.815000
1869  0.804000
1870  0.880000
1871  0.840000
1872  0.857000
1873  0.907000
1874  0.799000
1875  0.673000
1876  0.685000
1877  0.609000
1878  0.301000
1879  0.652000
1880  0.683000
1881  0.606000
1882  0.171000
1883  0.860000
1884  0.841000
1885  0.709000
1886  0.620000
1887  0.518000
1888  0.177000
