1  0.835000
2  0.898000
3  0.803000
4  0.846000
5  0.825000
6  0.844000
7  0.892000
8  0.893000
9  0.812000
10  0.764000
11  0.790000
12  0.718000
13  0.716000
14  0.638000
15  0.764000
16  0.905000
17  0.910000
18  0.825000
19  0.368000
20  0.654000
21  0.695000
22  0.540000
23  0.683000
24  0.690000
25  0.675000
26  0.863000
27  0.909000
28  0.814000
29  0.602000
30  0.707000
31  0.783000
32  0.432000
33  0.648000
34  0.761000
35  0.731000
36  0.785000
37  0.749000
38  0.758000
39  0.677000
40  0.625000
41  0.877000
42  0.849000
43  0.836000
44  0.425000
45  0.623000
46  0.705000
47  0.273000
48  0.719000
49  0.658000
50  0.624000
51  0.668000
52  0.918000
53  0.883000
54  0.781000
55  0.456000
56  0.872000
57  0.713000
58  0.826000
59  0.833000
60  0.815000
61  0.791000
62  0.757000
63  0.748000
64  0.780000
65  0.830000
66  0.653000
67  0.728000
68  0.650000
69  0.842000
70  0.770000
71  0.741000
72  0.653000
73  0.542000
74  0.580000
75  0.542000
76  0.834000
77  0.909000
78  0.857000
79  0.825000
80  0.865000
81  0.846000
82  0.819000
83  0.789000
84  0.790000
85  0.767000
86  0.785000
87  0.782000
88  0.744000
89  0.735000
90  0.860000
91  0.888000
92  0.894000
93  0.832000
94  0.941000
95  0.847000
96  0.778000
97  0.698000
98  0.613000
99  0.645000
100  0.658000
101  0.846000
102  0.845000
103  0.822000
104  0.887000
105  0.698000
106  0.820000
107  0.848000
108  0.734000
109  0.753000
110  0.749000
111  0.779000
112  0.787000
113  0.783000
114  0.794000
115  0.820000
116  0.878000
117  0.850000
118  0.861000
119  0.724000
120  0.781000
121  0.783000
122  0.554000
123  0.749000
124  0.741000
125  0.632000
126  0.847000
127  0.884000
128  0.888000
129  0.830000
130  0.822000
131  0.879000
132  0.884000
133  0.771000
134  0.752000
135  0.769000
136  0.786000
137  0.766000
138  0.777000
139  0.802000
140  0.810000
141  0.928000
142  0.928000
143  0.895000
144  0.821000
145  0.759000
146  0.765000
147  0.539000
148  0.762000
149  0.720000
150  0.617000
151  0.866000
152  0.839000
153  0.848000
154  0.890000
155  0.806000
156  0.857000
157  0.864000
158  0.839000
159  0.735000
160  0.749000
161  0.795000
162  0.780000
163  0.779000
164  0.815000
165  0.799000
166  0.958000
167  0.934000
168  0.880000
169  0.838000
170  0.767000
171  0.781000
172  0.520000
173  0.787000
174  0.782000
175  0.608000
176  0.878000
177  0.930000
178  0.841000
179  0.822000
180  0.758000
181  0.889000
182  0.880000
183  0.836000
184  0.755000
185  0.693000
186  0.768000
187  0.781000
188  0.697000
189  0.813000
190  0.794000
191  0.907000
192  0.907000
193  0.841000
194  0.770000
195  0.791000
196  0.783000
197  0.526000
198  0.733000
199  0.757000
200  0.644000
201  0.851000
202  0.913000
203  0.842000
204  0.843000
205  0.792000
206  0.895000
207  0.887000
208  0.832000
209  0.756000
210  0.709000
211  0.762000
212  0.777000
213  0.699000
214  0.819000
215  0.800000
216  0.883000
217  0.896000
218  0.843000
219  0.862000
220  0.783000
221  0.796000
222  0.545000
223  0.711000
224  0.725000
225  0.608000
226  0.869000
227  0.894000
228  0.886000
229  0.871000
230  0.851000
231  0.887000
232  0.859000
233  0.813000
234  0.722000
235  0.708000
236  0.810000
237  0.809000
238  0.717000
239  0.770000
240  0.783000
241  0.949000
242  0.934000
243  0.811000
244  0.713000
245  0.812000
246  0.805000
247  0.571000
248  0.814000
249  0.785000
250  0.686000
251  0.873000
252  0.897000
253  0.888000
254  0.849000
255  0.795000
256  0.901000
257  0.861000
258  0.791000
259  0.725000
260  0.695000
261  0.807000
262  0.815000
263  0.717000
264  0.771000
265  0.773000
266  0.938000
267  0.928000
268  0.807000
269  0.768000
270  0.812000
271  0.797000
272  0.586000
273  0.819000
274  0.783000
275  0.677000
276  0.873000
277  0.897000
278  0.888000
279  0.849000
280  0.795000
281  0.901000
282  0.861000
283  0.791000
284  0.725000
285  0.695000
286  0.807000
287  0.815000
288  0.717000
289  0.771000
290  0.773000
291  0.938000
292  0.928000
293  0.807000
294  0.768000
295  0.812000
296  0.797000
297  0.586000
298  0.819000
299  0.783000
300  0.677000
301  0.873000
302  0.897000
303  0.888000
304  0.849000
305  0.795000
306  0.901000
307  0.861000
308  0.791000
309  0.725000
310  0.695000
311  0.807000
312  0.815000
313  0.717000
314  0.771000
315  0.773000
316  0.938000
317  0.928000
318  0.807000
319  0.768000
320  0.812000
321  0.797000
322  0.586000
323  0.819000
324  0.783000
325  0.677000
326  0.873000
327  0.897000
328  0.888000
329  0.849000
330  0.795000
331  0.901000
332  0.861000
333  0.791000
334  0.725000
335  0.695000
336  0.807000
337  0.815000
338  0.717000
339  0.771000
340  0.773000
341  0.938000
342  0.928000
343  0.807000
344  0.768000
345  0.812000
346  0.797000
347  0.586000
348  0.819000
349  0.783000
350  0.677000
351  0.873000
352  0.897000
353  0.888000
354  0.849000
355  0.795000
356  0.901000
357  0.861000
358  0.791000
359  0.725000
360  0.695000
361  0.807000
362  0.815000
363  0.717000
364  0.771000
365  0.773000
366  0.938000
367  0.928000
368  0.807000
369  0.768000
370  0.812000
371  0.797000
372  0.586000
373  0.819000
374  0.783000
375  0.677000
376  0.873000
377  0.897000
378  0.888000
379  0.849000
380  0.795000
381  0.901000
382  0.861000
383  0.791000
384  0.725000
385  0.695000
386  0.807000
387  0.815000
388  0.717000
389  0.771000
390  0.773000
391  0.938000
392  0.928000
393  0.807000
394  0.768000
395  0.812000
396  0.797000
397  0.586000
398  0.819000
399  0.783000
400  0.677000
401  0.892000
402  0.835000
403  0.779000
404  0.799000
405  0.808000
406  0.834000
407  0.867000
408  0.830000
409  0.670000
410  0.669000
411  0.788000
412  0.797000
413  0.685000
414  0.770000
415  0.794000
416  0.884000
417  0.909000
418  0.858000
419  0.749000
420  0.847000
421  0.803000
422  0.610000
423  0.775000
424  0.766000
425  0.711000
426  0.925000
427  0.882000
428  0.837000
429  0.686000
430  0.773000
431  0.796000
432  0.777000
433  0.529000
434  0.659000
435  0.649000
436  0.746000
437  0.806000
438  0.641000
439  0.744000
440  0.793000
441  0.887000
442  0.864000
443  0.844000
444  0.868000
445  0.841000
446  0.816000
447  0.594000
448  0.759000
449  0.742000
450  0.712000
451  0.869000
452  0.827000
453  0.785000
454  0.842000
455  0.771000
456  0.771000
457  0.919000
458  0.777000
459  0.637000
460  0.621000
461  0.714000
462  0.779000
463  0.631000
464  0.706000
465  0.803000
466  0.902000
467  0.897000
468  0.815000
469  0.896000
470  0.836000
471  0.808000
472  0.619000
473  0.765000
474  0.752000
475  0.682000
476  0.884000
477  0.838000
478  0.752000
479  0.488000
480  0.652000
481  0.824000
482  0.528000
483  0.715000
484  0.635000
485  0.623000
486  0.712000
487  0.782000
488  0.640000
489  0.697000
490  0.793000
491  0.880000
492  0.914000
493  0.837000
494  0.842000
495  0.832000
496  0.806000
497  0.621000
498  0.740000
499  0.749000
500  0.667000
501  0.897000
502  0.801000
503  0.721000
504  0.165000
505  0.492000
506  0.835000
507  0.838000
508  0.833000
509  0.667000
510  0.639000
511  0.722000
512  0.782000
513  0.682000
514  0.745000
515  0.818000
516  0.905000
517  0.919000
518  0.835000
519  0.816000
520  0.630000
521  0.759000
522  0.740000
523  0.678000
524  0.355000
525  0.912000
526  0.842000
527  0.822000
528  0.781000
529  0.824000
530  0.887000
531  0.873000
532  0.656000
533  0.616000
534  0.715000
535  0.778000
536  0.671000
537  0.733000
538  0.797000
539  0.408000
540  0.459000
541  0.292000
542  0.206000
543  0.861000
544  0.825000
545  0.607000
546  0.757000
547  0.741000
548  0.704000
549  0.752000
550  0.863000
551  0.860000
552  0.803000
553  0.763000
554  0.797000
555  0.897000
556  0.795000
557  0.754000
558  0.725000
559  0.828000
560  0.853000
561  0.738000
562  0.779000
563  0.739000
564  0.843000
565  0.897000
566  0.055000
567  0.737000
568  0.858000
569  0.752000
570  0.787000
571  0.756000
572  0.722000
573  0.767000
574  0.875000
575  0.895000
576  0.840000
577  0.704000
578  0.779000
579  0.847000
580  0.411000
581  0.639000
582  0.732000
583  0.715000
584  0.815000
585  0.819000
586  0.698000
587  0.782000
588  0.825000
589  0.887000
590  0.940000
591  0.901000
592  0.906000
593  0.827000
594  0.802000
595  0.753000
596  0.775000
597  0.755000
598  0.735000
599  0.919000
600  0.894000
601  0.817000
602  0.861000
603  0.805000
604  0.847000
605  0.842000
606  0.859000
607  0.720000
608  0.693000
609  0.805000
610  0.793000
611  0.716000
612  0.771000
613  0.823000
614  0.884000
615  0.696000
616  0.816000
617  0.840000
618  0.791000
619  0.718000
620  0.769000
621  0.734000
622  0.728000
623  0.901000
624  0.845000
625  0.786000
626  0.627000
627  0.248000
628  0.826000
629  0.833000
630  0.779000
631  0.739000
632  0.706000
633  0.792000
634  0.736000
635  0.713000
636  0.780000
637  0.677000
638  0.888000
639  0.874000
640  0.764000
641  0.897000
642  0.657000
643  0.639000
644  0.661000
645  0.710000
646  0.656000
647  0.252000
648  0.859000
649  0.905000
650  0.803000
651  0.831000
652  0.732000
653  0.816000
654  0.790000
655  0.731000
656  0.715000
657  0.723000
658  0.802000
659  0.729000
660  0.729000
661  0.786000
662  0.739000
663  0.882000
664  0.976000
665  0.137000
666  0.869000
667  0.728000
668  0.671000
669  0.556000
670  0.287000
671  0.267000
672  0.726000
673  0.880000
674  0.902000
675  0.813000
676  0.887000
677  0.769000
678  0.793000
679  0.831000
680  0.577000
681  0.644000
682  0.580000
683  0.485000
684  0.707000
685  0.601000
686  0.760000
687  0.694000
688  0.777000
689  0.916000
690  0.844000
691  0.714000
692  0.667000
693  0.631000
694  0.292000
695  0.238000
696  0.688000
697  0.933000
698  0.912000
699  0.827000
700  0.712000
701  0.818000
702  0.795000
703  0.859000
704  0.818000
705  0.779000
706  0.717000
707  0.696000
708  0.751000
709  0.745000
710  0.668000
711  0.699000
712  0.877000
713  0.907000
714  0.904000
715  0.951000
716  0.753000
717  0.670000
718  0.701000
719  0.430000
720  0.405000
721  0.733000
722  0.862000
723  0.833000
724  0.668000
725  0.580000
726  0.301000
727  0.812000
728  0.926000
729  0.913000
730  0.739000
731  0.682000
732  0.716000
733  0.737000
734  0.704000
735  0.714000
736  0.723000
737  0.942000
738  0.924000
739  0.351000
740  0.943000
741  0.724000
742  0.654000
743  0.684000
744  0.456000
745  0.395000
746  0.700000
747  0.910000
748  0.811000
749  0.760000
750  0.390000
751  0.349000
752  0.826000
753  0.823000
754  0.789000
755  0.716000
756  0.714000
757  0.789000
758  0.776000
759  0.698000
760  0.856000
761  0.815000
762  0.892000
763  0.893000
764  0.897000
765  0.751000
766  0.748000
767  0.572000
768  0.812000
769  0.725000
770  0.743000
771  0.918000
772  0.876000
773  0.848000
774  0.791000
775  0.719000
776  0.799000
777  0.774000
778  0.648000
779  0.782000
780  0.732000
781  0.823000
782  0.776000
783  0.774000
784  0.754000
785  0.809000
786  0.876000
787  0.817000
788  0.918000
789  0.819000
790  0.835000
791  0.838000
792  0.779000
793  0.764000
794  0.720000
795  0.728000
796  0.920000
797  0.862000
798  0.832000
799  0.772000
800  0.835000
801  0.856000
802  0.836000
803  0.857000
804  0.772000
805  0.783000
806  0.777000
807  0.682000
808  0.797000
809  0.745000
810  0.671000
811  0.833000
812  0.834000
813  0.850000
814  0.888000
815  0.783000
816  0.804000
817  0.209000
818  0.561000
819  0.533000
820  0.563000
821  0.658000
822  0.825000
823  0.787000
824  0.688000
825  0.655000
826  0.856000
827  0.934000
828  0.798000
829  0.777000
830  0.727000
831  0.833000
832  0.666000
833  0.727000
834  0.770000
835  0.629000
836  0.295000
837  0.564000
838  0.737000
839  0.088000
840  0.553000
841  0.617000
842  0.539000
843  0.500000
844  0.871000
845  0.846000
846  0.855000
847  0.554000
848  0.817000
849  0.906000
850  0.836000
851  0.634000
852  0.660000
853  0.607000
854  0.648000
855  0.623000
856  0.625000
857  0.604000
858  0.167000
859  0.858000
860  0.382000
861  0.662000
862  0.639000
863  0.394000
864  0.662000
865  0.578000
866  0.603000
867  0.828000
868  0.905000
869  0.788000
870  0.795000
871  0.785000
872  0.829000
873  0.767000
874  0.834000
875  0.726000
876  0.656000
877  0.798000
878  0.723000
879  0.713000
880  0.745000
881  0.753000
882  0.911000
883  0.934000
884  0.811000
885  0.346000
886  0.759000
887  0.689000
888  0.489000
889  0.675000
890  0.639000
891  0.676000
892  0.778000
893  0.839000
894  0.776000
895  0.765000
896  0.701000
897  0.854000
898  0.854000
899  0.759000
900  0.729000
901  0.705000
902  0.825000
903  0.694000
904  0.703000
905  0.721000
906  0.587000
907  0.403000
908  0.751000
909  0.884000
910  0.287000
911  0.282000
912  0.473000
913  0.727000
914  0.665000
915  0.441000
916  0.870000
917  0.897000
918  0.832000
919  0.849000
920  0.849000
921  0.759000
922  0.896000
923  0.854000
924  0.721000
925  0.708000
926  0.849000
927  0.736000
928  0.738000
929  0.810000
930  0.744000
931  0.863000
932  0.858000
933  0.817000
934  0.300000
935  0.429000
936  0.390000
937  0.636000
938  0.530000
939  0.396000
940  0.476000
941  0.855000
942  0.809000
943  0.777000
944  0.255000
945  0.553000
946  0.832000
947  0.846000
948  0.802000
949  0.819000
950  0.778000
951  0.863000
952  0.831000
953  0.774000
954  0.763000
955  0.771000
956  0.851000
957  0.878000
958  0.825000
959  0.835000
960  0.785000
961  0.800000
962  0.698000
963  0.765000
964  0.732000
965  0.724000
966  0.907000
967  0.870000
968  0.823000
969  0.858000
970  0.778000
971  0.749000
972  0.858000
973  0.820000
974  0.812000
975  0.779000
976  0.786000
977  0.780000
978  0.775000
979  0.854000
980  0.752000
981  0.881000
982  0.112000
983  0.868000
984  0.834000
985  0.760000
986  0.764000
987  0.813000
988  0.785000
989  0.537000
990  0.852000
991  0.912000
992  0.815000
993  0.767000
994  0.801000
995  0.804000
996  0.806000
997  0.833000
998  0.742000
999  0.730000
1000  0.793000
1001  0.800000
1002  0.712000
1003  0.761000
1004  0.755000
1005  0.794000
1006  0.811000
1007  0.829000
1008  0.618000
1009  0.822000
1010  0.762000
1011  0.743000
1012  0.768000
1013  0.717000
1014  0.721000
1015  0.279000
1016  0.484000
1017  0.533000
1018  0.289000
1019  0.302000
1020  0.312000
1021  0.669000
1022  0.656000
1023  0.748000
1024  0.737000
1025  0.587000
1026  0.760000
1027  0.733000
1028  0.269000
1029  0.317000
1030  0.637000
1031  0.558000
1032  0.637000
1033  0.678000
1034  0.642000
1035  0.650000
1036  0.843000
1037  0.800000
1038  0.887000
1039  0.864000
1040  0.753000
1041  0.871000
1042  0.692000
1043  0.698000
1044  0.675000
1045  0.792000
1046  0.754000
1047  0.695000
1048  0.761000
1049  0.739000
1050  0.878000
1051  0.883000
1052  0.561000
1053  0.639000
1054  0.662000
1055  0.777000
1056  0.749000
1057  0.790000
1058  0.821000
1059  0.783000
1060  0.306000
1061  0.090000
1062  0.765000
1063  0.101000
1064  0.723000
1065  0.678000
1066  0.799000
1067  0.822000
1068  0.699000
1069  0.777000
1070  0.733000
1071  0.812000
1072  0.869000
1073  0.474000
1074  0.608000
1075  0.660000
1076  0.791000
1077  0.794000
1078  0.811000
1079  0.824000
1080  0.824000
1081  0.827000
1082  0.845000
1083  0.825000
1084  0.687000
1085  0.685000
1086  0.766000
1087  0.686000
1088  0.684000
1089  0.673000
1090  0.483000
1091  0.089000
1092  0.532000
1093  0.889000
1094  0.127000
1095  0.089000
1096  0.275000
1097  0.599000
1098  0.610000
1099  0.667000
1100  0.793000
1101  0.823000
1102  0.110000
1103  0.375000
1104  0.775000
1105  0.852000
1106  0.833000
1107  0.741000
1108  0.710000
1109  0.815000
1110  0.759000
1111  0.697000
1112  0.798000
1113  0.806000
1114  0.210000
1115  0.318000
1116  0.648000
1117  0.734000
1118  0.735000
1119  0.153000
1120  0.133000
1121  0.721000
1122  0.835000
1123  0.843000
1124  0.833000
1125  0.139000
1126  0.805000
1127  0.832000
1128  0.695000
1129  0.717000
1130  0.693000
1131  0.614000
1132  0.752000
1133  0.696000
1134  0.555000
1135  0.644000
1136  0.769000
1137  0.775000
1138  0.589000
1139  0.665000
1140  0.541000
1141  0.229000
1142  0.334000
1143  0.649000
1144  0.860000
1145  0.847000
1146  0.856000
1147  0.195000
1148  0.918000
1149  0.722000
1150  0.084000
1151  0.714000
1152  0.707000
1153  0.729000
1154  0.547000
1155  0.684000
1156  0.738000
1157  0.743000
1158  0.052000
1159  0.498000
1160  0.837000
1161  0.759000
1162  0.734000
1163  0.777000
1164  0.189000
1165  0.222000
1166  0.191000
1167  0.874000
1168  0.940000
1169  0.828000
1170  0.843000
1171  0.864000
1172  0.829000
1173  0.225000
1174  0.296000
1175  0.827000
1176  0.760000
1177  0.761000
1178  0.840000
1179  0.790000
1180  0.830000
1181  0.779000
1182  0.884000
1183  0.862000
1184  0.777000
1185  0.773000
1186  0.650000
1187  0.806000
1188  0.798000
1189  0.620000
1190  0.866000
1191  0.900000
1192  0.851000
1193  0.840000
1194  0.861000
1195  0.832000
1196  0.838000
1197  0.822000
1198  0.786000
1199  0.750000
1200  0.829000
1201  0.781000
1202  0.744000
1203  0.817000
1204  0.843000
1205  0.860000
1206  0.852000
1207  0.756000
1208  0.742000
1209  0.704000
1210  0.795000
1211  0.714000
1212  0.729000
1213  0.891000
1214  0.866000
1215  0.900000
1216  0.792000
1217  0.873000
1218  0.842000
1219  0.222000
1220  0.770000
1221  0.735000
1222  0.827000
1223  0.747000
1224  0.744000
1225  0.830000
1226  0.729000
1227  0.831000
1228  0.785000
1229  0.101000
1230  0.579000
1231  0.695000
1232  0.703000
1233  0.569000
1234  0.331000
1235  0.866000
1236  0.836000
1237  0.147000
1238  0.866000
1239  0.874000
1240  0.834000
1241  0.736000
1242  0.723000
1243  0.770000
1244  0.764000
1245  0.711000
1246  0.776000
1247  0.638000
1248  0.374000
1249  0.218000
1250  0.834000
1251  0.138000
1252  0.406000
1253  0.809000
1254  0.786000
1255  0.766000
1256  0.855000
1257  0.817000
1258  0.116000
1259  0.844000
1260  0.850000
1261  0.268000
1262  0.689000
1263  0.681000
1264  0.758000
1265  0.723000
1266  0.693000
1267  0.748000
1268  0.489000
1269  0.852000
1270  0.906000
1271  0.213000
1272  0.187000
1273  0.192000
1274  0.796000
1275  0.727000
1276  0.740000
1277  0.918000
1278  0.755000
1279  0.823000
1280  0.875000
1281  0.845000
1282  0.757000
1283  0.070000
1284  0.732000
1285  0.739000
1286  0.809000
1287  0.706000
1288  0.632000
1289  0.676000
1290  0.625000
1291  0.867000
1292  0.301000
1293  0.896000
1294  0.157000
1295  0.442000
1296  0.777000
1297  0.736000
1298  0.632000
1299  0.857000
1300  0.850000
1301  0.882000
1302  0.749000
1303  0.749000
1304  0.875000
1305  0.880000
1306  0.841000
1307  0.786000
1308  0.771000
1309  0.870000
1310  0.748000
1311  0.780000
1312  0.787000
1313  0.823000
1314  0.939000
1315  0.860000
1316  0.811000
1317  0.838000
1318  0.546000
1319  0.589000
1320  0.546000
1321  0.617000
1322  0.883000
1323  0.832000
1324  0.786000
1325  0.911000
1326  0.852000
1327  0.846000
1328  0.808000
1329  0.861000
1330  0.788000
1331  0.750000
1332  0.795000
1333  0.799000
1334  0.753000
1335  0.800000
1336  0.606000
1337  0.579000
1338  0.944000
1339  0.877000
1340  0.266000
1341  0.304000
1342  0.396000
1343  0.747000
1344  0.764000
1345  0.653000
1346  0.815000
1347  0.658000
1348  0.555000
1349  0.830000
1350  0.681000
1351  0.512000
1352  0.278000
1353  0.503000
1354  0.563000
1355  0.491000
1356  0.677000
1357  0.667000
1358  0.598000
1359  0.763000
1360  0.749000
1361  0.102000
1362  0.795000
1363  0.674000
1364  0.755000
1365  0.683000
1366  0.826000
1367  0.409000
1368  0.374000
1369  0.166000
1370  0.934000
1371  0.927000
1372  0.828000
1373  0.733000
1374  0.585000
1375  0.900000
1376  0.841000
1377  0.798000
1378  0.807000
1379  0.825000
1380  0.803000
1381  0.785000
1382  0.838000
1383  0.833000
1384  0.742000
1385  0.853000
1386  0.835000
1387  0.912000
1388  0.737000
1389  0.638000
1390  0.661000
1391  0.627000
1392  0.793000
1393  0.807000
1394  0.308000
1395  0.828000
1396  0.738000
1397  0.774000
1398  0.296000
1399  0.190000
1400  0.629000
1401  0.762000
1402  0.747000
1403  0.550000
1404  0.556000
1405  0.681000
1406  0.713000
1407  0.458000
1408  0.563000
1409  0.510000
1410  0.891000
1411  0.209000
1412  0.866000
1413  0.183000
1414  0.153000
1415  0.234000
1416  0.775000
1417  0.787000
1418  0.778000
1419  0.908000
1420  0.881000
1421  0.842000
1422  0.871000
1423  0.869000
1424  0.885000
1425  0.821000
1426  0.864000
1427  0.763000
1428  0.752000
1429  0.846000
1430  0.648000
1431  0.781000
1432  0.715000
1433  0.600000
1434  0.871000
1435  0.908000
1436  0.912000
1437  0.847000
1438  0.176000
1439  0.139000
1440  0.458000
1441  0.658000
1442  0.609000
1443  0.486000
1444  0.861000
1445  0.852000
1446  0.796000
1447  0.858000
1448  0.727000
1449  0.803000
1450  0.820000
1451  0.810000
1452  0.692000
1453  0.670000
1454  0.787000
1455  0.610000
1456  0.655000
1457  0.782000
1458  0.719000
1459  0.874000
1460  0.856000
1461  0.821000
1462  0.905000
1463  0.743000
1464  0.654000
1465  0.664000
1466  0.717000
1467  0.635000
1468  0.240000
1469  0.901000
1470  0.847000
1471  0.829000
1472  0.849000
1473  0.872000
1474  0.800000
1475  0.909000
1476  0.903000
1477  0.754000
1478  0.704000
1479  0.611000
1480  0.631000
1481  0.726000
1482  0.792000
1483  0.695000
1484  0.901000
1485  0.864000
1486  0.854000
1487  0.841000
1488  0.745000
1489  0.675000
1490  0.630000
1491  0.746000
1492  0.749000
1493  0.393000
1494  0.607000
1495  0.847000
1496  0.791000
1497  0.912000
1498  0.834000
1499  0.756000
1500  0.804000
1501  0.864000
1502  0.695000
1503  0.657000
1504  0.812000
1505  0.761000
1506  0.670000
1507  0.834000
1508  0.662000
1509  0.648000
1510  0.090000
1511  0.847000
1512  0.113000
1513  0.551000
1514  0.481000
1515  0.629000
1516  0.756000
1517  0.889000
1518  0.812000
1519  0.863000
1520  0.830000
1521  0.786000
1522  0.852000
1523  0.846000
1524  0.818000
1525  0.816000
1526  0.790000
1527  0.839000
1528  0.810000
1529  0.739000
1530  0.718000
1531  0.806000
1532  0.135000
1533  0.921000
1534  0.896000
1535  0.840000
1536  0.845000
1537  0.642000
1538  0.768000
1539  0.729000
1540  0.744000
1541  0.735000
1542  0.856000
1543  0.784000
1544  0.797000
1545  0.749000
1546  0.807000
1547  0.881000
1548  0.847000
1549  0.762000
1550  0.777000
1551  0.831000
1552  0.788000
1553  0.701000
1554  0.780000
1555  0.794000
1556  0.294000
1557  0.819000
1558  0.853000
1559  0.863000
1560  0.850000
1561  0.609000
1562  0.791000
1563  0.714000
1564  0.757000
1565  0.852000
1566  0.779000
1567  0.726000
1568  0.060000
1569  0.730000
1570  0.750000
1571  0.748000
1572  0.700000
1573  0.644000
1574  0.769000
1575  0.789000
1576  0.679000
1577  0.766000
1578  0.806000
1579  0.908000
1580  0.802000
1581  0.774000
1582  0.751000
1583  0.692000
1584  0.717000
1585  0.665000
1586  0.711000
1587  0.891000
1588  0.757000
1589  0.552000
1590  0.817000
1591  0.803000
1592  0.852000
1593  0.798000
1594  0.735000
1595  0.671000
1596  0.623000
1597  0.802000
1598  0.773000
1599  0.646000
1600  0.820000
1601  0.779000
1602  0.887000
1603  0.874000
1604  0.695000
1605  0.717000
1606  0.645000
1607  0.622000
1608  0.591000
1609  0.742000
1610  0.865000
1611  0.755000
1612  0.655000
1613  0.780000
1614  0.711000
1615  0.782000
1616  0.741000
1617  0.658000
1618  0.805000
1619  0.476000
1620  0.722000
1621  0.702000
1622  0.731000
1623  0.257000
1624  0.818000
1625  0.789000
1626  0.775000
1627  0.781000
1628  0.655000
1629  0.131000
1630  0.139000
1631  0.260000
1632  0.422000
1633  0.722000
1634  0.838000
1635  0.689000
1636  0.801000
1637  0.619000
1638  0.056000
1639  0.760000
1640  0.735000
1641  0.785000
1642  0.691000
1643  0.682000
1644  0.669000
1645  0.573000
1646  0.432000
1647  0.090000
1648  0.747000
1649  0.493000
1650  0.416000
1651  0.280000
1652  0.728000
1653  0.686000
1654  0.612000
1655  0.901000
1656  0.775000
1657  0.802000
1658  0.881000
1659  0.719000
1660  0.690000
1661  0.579000
1662  0.656000
1663  0.743000
1664  0.745000
1665  0.831000
1666  0.785000
1667  0.664000
1668  0.815000
1669  0.761000
1670  0.869000
1671  0.879000
1672  0.615000
1673  0.568000
1674  0.704000
1675  0.742000
1676  0.735000
1677  0.797000
