1  0.913000
2  0.863000
3  0.162000
4  0.855000
5  0.676000
6  0.656000
7  0.754000
8  0.747000
9  0.797000
10  0.797000
11  0.718000
12  0.773000
13  0.724000
14  0.706000
15  0.818000
16  0.094000
17  0.575000
18  0.728000
19  0.736000
20  0.715000
21  0.871000
22  0.950000
23  0.871000
24  0.876000
25  0.852000
26  0.878000
27  0.903000
28  0.869000
29  0.833000
30  0.799000
31  0.874000
32  0.763000
33  0.823000
34  0.796000
35  0.774000
36  0.883000
37  0.919000
38  0.099000
39  0.850000
40  0.779000
41  0.784000
42  0.456000
43  0.602000
44  0.560000
45  0.637000
46  0.913000
47  0.816000
48  0.885000
49  0.651000
50  0.491000
51  0.900000
52  0.921000
53  0.901000
54  0.756000
55  0.746000
56  0.868000
57  0.774000
58  0.746000
59  0.848000
60  0.783000
61  0.051000
62  0.886000
63  0.906000
64  0.791000
65  0.806000
66  0.459000
67  0.630000
68  0.578000
69  0.669000
70  0.899000
71  0.846000
72  0.840000
73  0.807000
74  0.892000
75  0.847000
76  0.836000
77  0.911000
78  0.823000
79  0.789000
80  0.832000
81  0.792000
82  0.802000
83  0.789000
84  0.811000
85  0.805000
86  0.889000
87  0.828000
88  0.633000
89  0.749000
90  0.563000
91  0.772000
92  0.714000
93  0.694000
94  0.389000
95  0.826000
96  0.752000
97  0.888000
98  0.802000
99  0.729000
100  0.604000
101  0.405000
102  0.605000
103  0.563000
104  0.477000
105  0.536000
106  0.553000
107  0.641000
108  0.602000
109  0.174000
110  0.411000
111  0.285000
112  0.667000
113  0.643000
114  0.646000
115  0.335000
116  0.337000
117  0.215000
118  0.932000
119  0.928000
120  0.860000
121  0.785000
122  0.863000
123  0.854000
124  0.773000
125  0.792000
126  0.768000
127  0.786000
128  0.812000
129  0.777000
130  0.724000
131  0.806000
132  0.784000
133  0.885000
134  0.850000
135  0.907000
136  0.859000
137  0.823000
138  0.809000
139  0.731000
140  0.874000
141  0.777000
142  0.536000
143  0.888000
144  0.887000
145  0.852000
146  0.914000
147  0.809000
148  0.828000
149  0.871000
150  0.860000
151  0.805000
152  0.773000
153  0.776000
154  0.488000
155  0.806000
156  0.722000
157  0.659000
158  0.875000
159  0.872000
160  0.819000
161  0.796000
162  0.701000
163  0.745000
164  0.529000
165  0.157000
166  0.289000
167  0.743000
168  0.668000
169  0.825000
170  0.873000
171  0.828000
172  0.580000
173  0.795000
174  0.833000
175  0.600000
176  0.653000
177  0.747000
178  0.734000
179  0.482000
180  0.579000
181  0.496000
182  0.761000
183  0.198000
184  0.787000
185  0.067000
186  0.341000
187  0.787000
188  0.810000
189  0.772000
190  0.893000
191  0.875000
192  0.796000
193  0.882000
194  0.801000
195  0.837000
196  0.786000
197  0.824000
198  0.789000
199  0.754000
200  0.786000
201  0.739000
202  0.778000
203  0.783000
204  0.720000
205  0.881000
206  0.869000
207  0.900000
208  0.818000
209  0.844000
210  0.820000
211  0.422000
212  0.759000
213  0.731000
214  0.621000
215  0.881000
216  0.891000
217  0.813000
218  0.847000
219  0.801000
220  0.846000
221  0.888000
222  0.845000
223  0.763000
224  0.755000
225  0.637000
226  0.725000
227  0.703000
228  0.727000
229  0.752000
230  0.806000
231  0.888000
232  0.855000
233  0.890000
234  0.743000
235  0.727000
236  0.425000
237  0.742000
238  0.693000
239  0.595000
240  0.125000
241  0.482000
242  0.266000
243  0.681000
244  0.515000
245  0.422000
246  0.444000
247  0.279000
248  0.484000
249  0.508000
250  0.549000
251  0.616000
252  0.605000
253  0.142000
254  0.437000
255  0.698000
256  0.660000
257  0.613000
258  0.188000
259  0.147000
260  0.431000
261  0.901000
262  0.790000
263  0.793000
264  0.885000
265  0.832000
266  0.713000
267  0.871000
268  0.833000
269  0.681000
270  0.665000
271  0.749000
272  0.497000
273  0.661000
274  0.803000
275  0.665000
276  0.919000
277  0.948000
278  0.834000
279  0.864000
280  0.691000
281  0.628000
282  0.570000
283  0.514000
284  0.507000
285  0.211000
286  0.930000
287  0.843000
288  0.844000
289  0.884000
290  0.778000
291  0.833000
292  0.865000
293  0.813000
294  0.693000
295  0.694000
296  0.781000
297  0.310000
298  0.626000
299  0.784000
300  0.692000
301  0.576000
302  0.925000
303  0.847000
304  0.685000
305  0.626000
306  0.638000
307  0.067000
308  0.830000
309  0.801000
310  0.641000
311  0.779000
312  0.800000
313  0.798000
314  0.823000
315  0.821000
316  0.651000
317  0.526000
318  0.669000
319  0.692000
320  0.593000
321  0.801000
322  0.725000
323  0.068000
324  0.880000
325  0.888000
326  0.678000
327  0.589000
328  0.510000
329  0.398000
330  0.330000
331  0.716000
332  0.893000
333  0.802000
334  0.798000
335  0.770000
336  0.730000
337  0.848000
338  0.807000
339  0.791000
340  0.635000
341  0.516000
342  0.778000
343  0.708000
344  0.552000
345  0.731000
346  0.758000
347  0.053000
348  0.882000
349  0.800000
350  0.689000
351  0.714000
352  0.671000
353  0.662000
354  0.611000
355  0.707000
356  0.707000
357  0.876000
358  0.805000
359  0.854000
360  0.821000
361  0.834000
362  0.829000
363  0.790000
364  0.667000
365  0.672000
366  0.783000
367  0.734000
368  0.638000
369  0.780000
370  0.732000
371  0.829000
372  0.101000
373  0.825000
374  0.462000
375  0.573000
376  0.665000
377  0.634000
378  0.628000
379  0.578000
380  0.926000
381  0.903000
382  0.853000
383  0.850000
384  0.880000
385  0.790000
386  0.846000
387  0.855000
388  0.763000
389  0.794000
390  0.782000
391  0.793000
392  0.723000
393  0.711000
394  0.806000
395  0.138000
396  0.821000
397  0.863000
398  0.770000
399  0.736000
400  0.631000
401  0.761000
402  0.670000
403  0.770000
404  0.844000
405  0.897000
406  0.810000
407  0.895000
408  0.765000
409  0.825000
410  0.907000
411  0.842000
412  0.765000
413  0.786000
414  0.814000
415  0.800000
416  0.701000
417  0.762000
418  0.792000
419  0.070000
420  0.912000
421  0.879000
422  0.768000
423  0.752000
424  0.605000
425  0.737000
426  0.723000
427  0.740000
428  0.625000
429  0.895000
430  0.852000
431  0.898000
432  0.819000
433  0.815000
434  0.341000
435  0.706000
436  0.655000
437  0.800000
438  0.771000
439  0.667000
440  0.731000
441  0.689000
442  0.812000
443  0.091000
444  0.903000
445  0.605000
446  0.695000
447  0.611000
448  0.642000
449  0.573000
450  0.728000
451  0.935000
452  0.793000
453  0.747000
454  0.800000
455  0.753000
456  0.811000
457  0.875000
458  0.804000
459  0.709000
460  0.547000
461  0.746000
462  0.724000
463  0.636000
464  0.763000
465  0.779000
466  0.073000
467  0.929000
468  0.913000
469  0.716000
470  0.775000
471  0.707000
472  0.544000
473  0.478000
474  0.677000
475  0.901000
476  0.792000
477  0.654000
478  0.064000
479  0.791000
480  0.559000
481  0.619000
482  0.684000
483  0.653000
484  0.827000
485  0.490000
486  0.662000
487  0.683000
488  0.770000
489  0.920000
490  0.861000
491  0.761000
492  0.774000
493  0.679000
494  0.154000
495  0.143000
496  0.343000
497  0.947000
498  0.764000
499  0.637000
500  0.791000
501  0.889000
502  0.780000
503  0.899000
504  0.833000
505  0.742000
506  0.716000
507  0.830000
508  0.805000
509  0.689000
510  0.796000
511  0.800000
512  0.608000
513  0.897000
514  0.865000
515  0.835000
516  0.710000
517  0.675000
518  0.755000
519  0.742000
520  0.711000
521  0.844000
522  0.881000
523  0.819000
524  0.541000
525  0.829000
526  0.818000
527  0.877000
528  0.827000
529  0.755000
530  0.729000
531  0.772000
532  0.800000
533  0.770000
534  0.787000
535  0.858000
536  0.799000
537  0.714000
538  0.741000
539  0.764000
540  0.707000
541  0.802000
542  0.747000
543  0.666000
544  0.815000
545  0.718000
546  0.746000
547  0.451000
548  0.415000
549  0.584000
550  0.066000
551  0.722000
552  0.685000
553  0.837000
554  0.767000
555  0.592000
556  0.784000
557  0.777000
558  0.814000
559  0.050000
560  0.768000
561  0.774000
562  0.707000
563  0.684000
564  0.704000
565  0.674000
566  0.693000
567  0.895000
568  0.793000
569  0.846000
570  0.812000
571  0.824000
572  0.709000
573  0.258000
574  0.462000
575  0.685000
576  0.678000
577  0.744000
578  0.801000
579  0.646000
580  0.735000
581  0.700000
582  0.831000
583  0.108000
584  0.889000
585  0.100000
586  0.656000
587  0.791000
588  0.785000
589  0.782000
590  0.886000
591  0.848000
592  0.820000
593  0.847000
594  0.836000
595  0.796000
596  0.905000
597  0.855000
598  0.738000
599  0.725000
600  0.824000
601  0.753000
602  0.720000
603  0.794000
604  0.786000
605  0.900000
606  0.870000
607  0.886000
608  0.751000
609  0.844000
610  0.763000
611  0.666000
612  0.677000
613  0.651000
614  0.559000
615  0.868000
616  0.887000
617  0.803000
618  0.224000
619  0.302000
620  0.802000
621  0.479000
622  0.660000
623  0.718000
624  0.694000
625  0.763000
626  0.765000
627  0.701000
628  0.762000
629  0.741000
630  0.809000
631  0.879000
632  0.880000
633  0.886000
634  0.748000
635  0.722000
636  0.408000
637  0.673000
638  0.665000
639  0.570000
640  0.839000
641  0.830000
642  0.872000
643  0.833000
644  0.849000
645  0.733000
646  0.689000
647  0.701000
648  0.768000
649  0.873000
650  0.666000
651  0.778000
652  0.800000
653  0.935000
654  0.921000
655  0.827000
656  0.745000
657  0.806000
658  0.829000
659  0.671000
660  0.784000
661  0.780000
662  0.642000
663  0.811000
664  0.956000
665  0.905000
666  0.798000
667  0.835000
668  0.887000
669  0.623000
670  0.656000
671  0.750000
672  0.738000
673  0.758000
674  0.718000
675  0.705000
676  0.799000
677  0.846000
678  0.867000
679  0.825000
680  0.870000
681  0.055000
682  0.768000
683  0.711000
684  0.612000
685  0.513000
686  0.547000
687  0.523000
688  0.943000
689  0.939000
690  0.850000
691  0.863000
692  0.806000
693  0.876000
694  0.812000
695  0.887000
696  0.765000
697  0.770000
698  0.803000
699  0.758000
700  0.768000
701  0.823000
702  0.757000
703  0.861000
704  0.832000
705  0.852000
706  0.879000
707  0.781000
708  0.829000
709  0.589000
710  0.712000
711  0.761000
712  0.647000
713  0.781000
714  0.889000
715  0.781000
716  0.768000
717  0.516000
718  0.849000
719  0.790000
720  0.749000
721  0.786000
722  0.735000
723  0.780000
724  0.758000
725  0.721000
726  0.791000
727  0.778000
728  0.869000
729  0.860000
730  0.755000
731  0.620000
732  0.717000
733  0.791000
734  0.558000
735  0.667000
736  0.714000
737  0.612000
738  0.880000
739  0.885000
740  0.829000
741  0.799000
742  0.871000
743  0.865000
744  0.678000
745  0.686000
746  0.751000
747  0.751000
748  0.774000
749  0.763000
750  0.741000
751  0.795000
752  0.781000
753  0.926000
754  0.912000
755  0.900000
756  0.915000
757  0.758000
758  0.813000
759  0.562000
760  0.726000
761  0.761000
762  0.622000
763  0.889000
764  0.852000
765  0.821000
766  0.800000
767  0.897000
768  0.864000
769  0.867000
770  0.781000
771  0.712000
772  0.670000
773  0.732000
774  0.777000
775  0.735000
776  0.803000
777  0.789000
778  0.840000
779  0.869000
780  0.790000
781  0.875000
782  0.688000
783  0.775000
784  0.550000
785  0.729000
786  0.764000
787  0.628000
788  0.916000
789  0.918000
790  0.858000
791  0.796000
792  0.713000
793  0.828000
794  0.839000
795  0.858000
796  0.719000
797  0.738000
798  0.760000
799  0.847000
800  0.704000
801  0.731000
802  0.852000
803  0.884000
804  0.891000
805  0.507000
806  0.933000
807  0.816000
808  0.851000
809  0.668000
810  0.792000
811  0.820000
812  0.652000
813  0.921000
814  0.901000
815  0.854000
816  0.764000
817  0.732000
818  0.804000
819  0.819000
820  0.840000
821  0.717000
822  0.728000
823  0.759000
824  0.813000
825  0.743000
826  0.766000
827  0.829000
828  0.869000
829  0.843000
830  0.405000
831  0.940000
832  0.782000
833  0.816000
834  0.610000
835  0.722000
836  0.773000
837  0.629000
838  0.907000
839  0.850000
840  0.809000
841  0.867000
842  0.771000
843  0.853000
844  0.831000
845  0.843000
846  0.719000
847  0.673000
848  0.779000
849  0.808000
850  0.723000
851  0.765000
852  0.798000
853  0.845000
854  0.912000
855  0.596000
856  0.827000
857  0.760000
858  0.731000
859  0.611000
860  0.785000
861  0.839000
862  0.640000
863  0.903000
864  0.909000
865  0.854000
866  0.816000
867  0.791000
868  0.857000
869  0.913000
870  0.886000
871  0.742000
872  0.715000
873  0.757000
874  0.782000
875  0.719000
876  0.752000
877  0.804000
878  0.867000
879  0.868000
880  0.693000
881  0.858000
882  0.803000
883  0.814000
884  0.610000
885  0.751000
886  0.802000
887  0.613000
888  0.886000
889  0.918000
890  0.857000
891  0.834000
892  0.819000
893  0.873000
894  0.903000
895  0.870000
896  0.737000
897  0.712000
898  0.755000
899  0.801000
900  0.718000
901  0.750000
902  0.801000
903  0.846000
904  0.898000
905  0.780000
906  0.854000
907  0.766000
908  0.756000
909  0.603000
910  0.755000
911  0.807000
912  0.647000
913  0.886000
914  0.918000
915  0.857000
916  0.834000
917  0.819000
918  0.873000
919  0.903000
920  0.870000
921  0.737000
922  0.712000
923  0.755000
924  0.801000
925  0.718000
926  0.750000
927  0.801000
928  0.846000
929  0.898000
930  0.780000
931  0.854000
932  0.766000
933  0.756000
934  0.603000
935  0.755000
936  0.807000
937  0.647000
938  0.886000
939  0.918000
940  0.857000
941  0.834000
942  0.819000
943  0.873000
944  0.903000
945  0.870000
946  0.737000
947  0.712000
948  0.755000
949  0.801000
950  0.718000
951  0.750000
952  0.801000
953  0.846000
954  0.898000
955  0.780000
956  0.854000
957  0.766000
958  0.756000
959  0.603000
960  0.755000
961  0.807000
962  0.647000
963  0.886000
964  0.918000
965  0.857000
966  0.834000
967  0.819000
968  0.873000
969  0.903000
970  0.870000
971  0.737000
972  0.712000
973  0.755000
974  0.801000
975  0.718000
976  0.750000
977  0.801000
978  0.846000
979  0.898000
980  0.780000
981  0.854000
982  0.766000
983  0.756000
984  0.603000
985  0.755000
986  0.807000
987  0.647000
988  0.886000
989  0.918000
990  0.857000
991  0.834000
992  0.819000
993  0.873000
994  0.903000
995  0.870000
996  0.737000
997  0.712000
998  0.755000
999  0.801000
1000  0.718000
1001  0.750000
1002  0.801000
1003  0.846000
1004  0.898000
1005  0.780000
1006  0.854000
1007  0.766000
1008  0.756000
1009  0.603000
1010  0.755000
1011  0.807000
1012  0.647000
1013  0.886000
1014  0.918000
1015  0.857000
1016  0.834000
1017  0.819000
1018  0.873000
1019  0.903000
1020  0.870000
1021  0.737000
1022  0.712000
1023  0.755000
1024  0.801000
1025  0.718000
1026  0.750000
1027  0.801000
1028  0.846000
1029  0.898000
1030  0.780000
1031  0.854000
1032  0.766000
1033  0.756000
1034  0.603000
1035  0.755000
1036  0.807000
1037  0.647000
1038  0.819000
1039  0.869000
1040  0.833000
1041  0.879000
1042  0.780000
1043  0.795000
1044  0.844000
1045  0.865000
1046  0.705000
1047  0.658000
1048  0.730000
1049  0.794000
1050  0.714000
1051  0.807000
1052  0.750000
1053  0.819000
1054  0.852000
1055  0.468000
1056  0.538000
1057  0.789000
1058  0.817000
1059  0.718000
1060  0.789000
1061  0.830000
1062  0.672000
1063  0.893000
1064  0.907000
1065  0.819000
1066  0.793000
1067  0.728000
1068  0.850000
1069  0.918000
1070  0.789000
1071  0.692000
1072  0.658000
1073  0.704000
1074  0.776000
1075  0.689000
1076  0.816000
1077  0.755000
1078  0.862000
1079  0.890000
1080  0.809000
1081  0.608000
1082  0.784000
1083  0.805000
1084  0.692000
1085  0.731000
1086  0.795000
1087  0.686000
1088  0.845000
1089  0.834000
1090  0.800000
1091  0.118000
1092  0.111000
1093  0.828000
1094  0.844000
1095  0.884000
1096  0.684000
1097  0.638000
1098  0.708000
1099  0.784000
1100  0.631000
1101  0.773000
1102  0.779000
1103  0.887000
1104  0.896000
1105  0.819000
1106  0.829000
1107  0.692000
1108  0.758000
1109  0.792000
1110  0.582000
1111  0.868000
1112  0.883000
1113  0.745000
1114  0.817000
1115  0.664000
1116  0.816000
1117  0.746000
1118  0.750000
1119  0.733000
1120  0.698000
1121  0.719000
1122  0.790000
1123  0.720000
1124  0.792000
1125  0.748000
1126  0.879000
1127  0.922000
1128  0.752000
1129  0.863000
1130  0.794000
1131  0.817000
1132  0.696000
1133  0.753000
1134  0.804000
1135  0.705000
1136  0.851000
1137  0.839000
1138  0.852000
1139  0.917000
1140  0.864000
1141  0.777000
1142  0.887000
1143  0.832000
1144  0.714000
1145  0.675000
1146  0.734000
1147  0.815000
1148  0.691000
1149  0.813000
1150  0.762000
1151  0.893000
1152  0.885000
1153  0.810000
1154  0.795000
1155  0.830000
1156  0.812000
1157  0.710000
1158  0.776000
1159  0.854000
1160  0.764000
1161  0.928000
1162  0.904000
1163  0.803000
1164  0.893000
1165  0.791000
1166  0.801000
1167  0.520000
1168  0.289000
1169  0.779000
1170  0.749000
1171  0.794000
1172  0.771000
1173  0.755000
1174  0.849000
1175  0.774000
1176  0.836000
1177  0.851000
1178  0.805000
1179  0.816000
1180  0.807000
1181  0.830000
1182  0.695000
1183  0.753000
1184  0.697000
1185  0.694000
1186  0.888000
1187  0.798000
1188  0.864000
1189  0.671000
1190  0.812000
1191  0.709000
1192  0.348000
1193  0.567000
1194  0.757000
1195  0.729000
1196  0.856000
1197  0.780000
1198  0.744000
1199  0.731000
1200  0.758000
1201  0.913000
1202  0.886000
1203  0.874000
1204  0.885000
1205  0.783000
1206  0.811000
1207  0.796000
1208  0.784000
1209  0.716000
1210  0.761000
1211  0.837000
1212  0.899000
1213  0.836000
1214  0.827000
1215  0.841000
1216  0.778000
1217  0.864000
1218  0.805000
1219  0.728000
1220  0.715000
1221  0.850000
1222  0.772000
1223  0.706000
1224  0.801000
1225  0.762000
1226  0.935000
1227  0.918000
1228  0.889000
1229  0.769000
1230  0.824000
1231  0.802000
1232  0.810000
1233  0.726000
1234  0.721000
1235  0.896000
1236  0.940000
1237  0.816000
1238  0.794000
1239  0.760000
1240  0.855000
1241  0.617000
1242  0.674000
1243  0.747000
1244  0.726000
1245  0.814000
1246  0.768000
1247  0.719000
1248  0.816000
1249  0.823000
1250  0.947000
1251  0.890000
1252  0.821000
1253  0.877000
1254  0.815000
1255  0.828000
1256  0.792000
1257  0.781000
1258  0.686000
1259  0.723000
1260  0.511000
1261  0.852000
1262  0.865000
1263  0.853000
1264  0.779000
1265  0.775000
1266  0.724000
1267  0.369000
1268  0.750000
1269  0.735000
1270  0.859000
1271  0.808000
1272  0.752000
1273  0.767000
1274  0.796000
1275  0.539000
1276  0.569000
1277  0.138000
1278  0.264000
1279  0.785000
1280  0.734000
1281  0.531000
1282  0.799000
1283  0.706000
1284  0.713000
1285  0.937000
1286  0.848000
1287  0.779000
1288  0.873000
1289  0.701000
1290  0.841000
1291  0.876000
1292  0.827000
1293  0.791000
1294  0.735000
1295  0.795000
1296  0.773000
1297  0.711000
1298  0.780000
1299  0.763000
1300  0.813000
1301  0.860000
1302  0.869000
1303  0.780000
1304  0.717000
1305  0.681000
1306  0.476000
1307  0.412000
1308  0.749000
1309  0.876000
1310  0.685000
1311  0.588000
1312  0.375000
1313  0.709000
1314  0.793000
1315  0.772000
1316  0.795000
1317  0.651000
1318  0.502000
1319  0.703000
1320  0.746000
1321  0.654000
1322  0.728000
1323  0.757000
1324  0.846000
1325  0.855000
1326  0.787000
1327  0.786000
1328  0.688000
1329  0.300000
1330  0.288000
1331  0.737000
1332  0.889000
1333  0.792000
1334  0.893000
1335  0.826000
1336  0.864000
1337  0.265000
1338  0.694000
1339  0.692000
1340  0.747000
1341  0.715000
1342  0.634000
1343  0.717000
1344  0.737000
1345  0.786000
1346  0.838000
1347  0.745000
1348  0.747000
1349  0.617000
1350  0.453000
1351  0.392000
1352  0.707000
1353  0.958000
1354  0.806000
1355  0.672000
1356  0.081000
1357  0.065000
1358  0.831000
1359  0.787000
1360  0.804000
1361  0.698000
1362  0.645000
1363  0.627000
1364  0.735000
1365  0.679000
1366  0.789000
1367  0.769000
1368  0.869000
1369  0.861000
1370  0.167000
1371  0.916000
1372  0.768000
1373  0.708000
1374  0.729000
1375  0.675000
1376  0.602000
1377  0.729000
1378  0.890000
1379  0.897000
1380  0.824000
1381  0.822000
1382  0.771000
1383  0.845000
1384  0.905000
1385  0.799000
1386  0.734000
1387  0.725000
1388  0.739000
1389  0.815000
1390  0.666000
1391  0.741000
1392  0.728000
1393  0.922000
1394  0.901000
1395  0.833000
1396  0.909000
1397  0.748000
1398  0.700000
1399  0.702000
1400  0.779000
1401  0.722000
1402  0.766000
1403  0.905000
1404  0.894000
1405  0.820000
1406  0.838000
1407  0.732000
1408  0.875000
1409  0.787000
1410  0.831000
1411  0.779000
1412  0.757000
1413  0.689000
1414  0.704000
1415  0.742000
1416  0.707000
1417  0.733000
1418  0.820000
1419  0.929000
1420  0.064000
1421  0.845000
1422  0.805000
1423  0.701000
1424  0.670000
1425  0.176000
1426  0.662000
1427  0.877000
1428  0.868000
1429  0.844000
1430  0.845000
1431  0.846000
1432  0.825000
1433  0.843000
1434  0.821000
1435  0.705000
1436  0.701000
1437  0.729000
1438  0.729000
1439  0.706000
1440  0.786000
1441  0.706000
1442  0.861000
1443  0.927000
1444  0.865000
1445  0.851000
1446  0.752000
1447  0.714000
1448  0.472000
1449  0.100000
1450  0.653000
1451  0.898000
1452  0.889000
1453  0.867000
1454  0.834000
1455  0.810000
1456  0.863000
1457  0.810000
1458  0.742000
1459  0.826000
1460  0.764000
1461  0.806000
1462  0.844000
1463  0.780000
1464  0.780000
1465  0.777000
1466  0.925000
1467  0.909000
1468  0.848000
1469  0.873000
1470  0.878000
1471  0.804000
1472  0.830000
1473  0.780000
1474  0.734000
1475  0.771000
1476  0.897000
1477  0.814000
1478  0.756000
1479  0.727000
1480  0.736000
1481  0.792000
1482  0.873000
1483  0.560000
1484  0.810000
1485  0.784000
1486  0.839000
1487  0.839000
1488  0.764000
1489  0.771000
1490  0.804000
1491  0.880000
1492  0.934000
1493  0.865000
1494  0.891000
1495  0.832000
1496  0.771000
1497  0.778000
1498  0.737000
1499  0.718000
1500  0.708000
1501  0.812000
1502  0.820000
1503  0.812000
1504  0.757000
1505  0.744000
1506  0.839000
1507  0.248000
1508  0.181000
1509  0.772000
1510  0.746000
1511  0.781000
1512  0.772000
1513  0.799000
1514  0.856000
1515  0.778000
1516  0.886000
1517  0.893000
1518  0.660000
1519  0.822000
1520  0.827000
1521  0.762000
1522  0.719000
1523  0.706000
1524  0.696000
1525  0.641000
1526  0.639000
1527  0.885000
1528  0.824000
1529  0.683000
1530  0.763000
1531  0.868000
1532  0.882000
1533  0.808000
1534  0.790000
1535  0.732000
1536  0.844000
1537  0.553000
1538  0.757000
1539  0.724000
1540  0.480000
1541  0.526000
1542  0.661000
1543  0.240000
1544  0.780000
1545  0.169000
1546  0.205000
1547  0.301000
1548  0.571000
1549  0.551000
1550  0.379000
1551  0.144000
1552  0.888000
1553  0.794000
1554  0.779000
1555  0.827000
1556  0.782000
1557  0.874000
1558  0.790000
1559  0.724000
1560  0.644000
1561  0.757000
1562  0.679000
1563  0.682000
1564  0.724000
1565  0.540000
1566  0.321000
1567  0.822000
1568  0.198000
1569  0.644000
1570  0.636000
1571  0.139000
1572  0.656000
1573  0.592000
1574  0.585000
1575  0.851000
1576  0.793000
1577  0.801000
1578  0.707000
1579  0.852000
1580  0.776000
1581  0.143000
1582  0.227000
1583  0.733000
1584  0.656000
1585  0.794000
1586  0.718000
1587  0.655000
1588  0.776000
1589  0.310000
1590  0.884000
1591  0.860000
1592  0.911000
1593  0.816000
1594  0.066000
1595  0.139000
1596  0.744000
1597  0.721000
1598  0.780000
1599  0.849000
1600  0.893000
1601  0.852000
1602  0.624000
1603  0.757000
1604  0.832000
1605  0.671000
1606  0.603000
1607  0.742000
1608  0.697000
1609  0.780000
1610  0.082000
1611  0.706000
1612  0.662000
1613  0.415000
1614  0.878000
1615  0.878000
1616  0.836000
1617  0.499000
1618  0.203000
1619  0.857000
1620  0.928000
1621  0.859000
1622  0.784000
1623  0.786000
1624  0.832000
1625  0.928000
1626  0.790000
1627  0.720000
1628  0.710000
1629  0.765000
1630  0.665000
1631  0.680000
1632  0.836000
1633  0.661000
1634  0.850000
1635  0.884000
1636  0.815000
1637  0.828000
1638  0.730000
1639  0.709000
1640  0.268000
1641  0.679000
1642  0.635000
1643  0.646000
1644  0.876000
1645  0.882000
1646  0.786000
1647  0.906000
1648  0.813000
1649  0.828000
1650  0.926000
1651  0.884000
1652  0.720000
1653  0.715000
1654  0.535000
1655  0.710000
1656  0.719000
1657  0.858000
1658  0.718000
1659  0.877000
1660  0.870000
1661  0.860000
1662  0.620000
1663  0.804000
1664  0.797000
1665  0.351000
1666  0.766000
1667  0.725000
1668  0.601000
1669  0.893000
1670  0.905000
1671  0.776000
1672  0.536000
1673  0.426000
1674  0.864000
1675  0.698000
1676  0.706000
1677  0.717000
1678  0.724000
1679  0.695000
1680  0.806000
1681  0.693000
1682  0.745000
1683  0.767000
1684  0.873000
1685  0.870000
1686  0.559000
1687  0.827000
1688  0.851000
1689  0.766000
1690  0.674000
1691  0.751000
1692  0.727000
1693  0.549000
1694  0.835000
1695  0.850000
1696  0.727000
1697  0.280000
1698  0.486000
1699  0.774000
1700  0.730000
1701  0.728000
1702  0.765000
1703  0.748000
1704  0.870000
1705  0.787000
1706  0.722000
1707  0.780000
1708  0.867000
1709  0.943000
1710  0.946000
1711  0.879000
1712  0.841000
1713  0.828000
1714  0.874000
1715  0.719000
1716  0.721000
1717  0.724000
1718  0.737000
1719  0.842000
1720  0.880000
1721  0.859000
1722  0.866000
1723  0.806000
1724  0.865000
1725  0.882000
1726  0.763000
1727  0.765000
1728  0.731000
1729  0.767000
1730  0.816000
1731  0.787000
1732  0.851000
1733  0.811000
1734  0.883000
1735  0.522000
1736  0.818000
1737  0.768000
1738  0.756000
1739  0.687000
1740  0.720000
1741  0.739000
1742  0.721000
1743  0.888000
1744  0.858000
1745  0.831000
1746  0.843000
1747  0.787000
1748  0.888000
1749  0.848000
1750  0.840000
1751  0.744000
1752  0.740000
1753  0.779000
1754  0.804000
1755  0.725000
1756  0.838000
1757  0.805000
1758  0.891000
1759  0.845000
1760  0.849000
1761  0.823000
1762  0.794000
1763  0.727000
1764  0.662000
1765  0.695000
1766  0.658000
1767  0.903000
1768  0.852000
1769  0.857000
1770  0.855000
1771  0.814000
1772  0.830000
1773  0.891000
1774  0.838000
1775  0.769000
1776  0.726000
1777  0.864000
1778  0.819000
1779  0.749000
1780  0.776000
1781  0.802000
1782  0.308000
1783  0.899000
1784  0.936000
1785  0.765000
1786  0.801000
1787  0.589000
1788  0.758000
1789  0.767000
1790  0.733000
1791  0.869000
1792  0.918000
1793  0.802000
1794  0.928000
1795  0.824000
1796  0.847000
1797  0.837000
1798  0.935000
1799  0.763000
1800  0.700000
1801  0.752000
1802  0.837000
1803  0.778000
1804  0.848000
1805  0.676000
1806  0.898000
1807  0.880000
1808  0.828000
1809  0.884000
1810  0.349000
1811  0.358000
1812  0.485000
1813  0.746000
1814  0.705000
1815  0.737000
1816  0.825000
1817  0.723000
1818  0.718000
1819  0.480000
1820  0.775000
1821  0.500000
1822  0.618000
1823  0.706000
1824  0.646000
1825  0.837000
1826  0.806000
1827  0.648000
1828  0.770000
1829  0.729000
1830  0.501000
1831  0.241000
1832  0.539000
1833  0.458000
1834  0.585000
1835  0.745000
1836  0.761000
1837  0.780000
1838  0.924000
1839  0.841000
1840  0.920000
1841  0.536000
1842  0.801000
1843  0.893000
1844  0.644000
1845  0.745000
1846  0.717000
1847  0.830000
1848  0.781000
1849  0.722000
1850  0.748000
1851  0.783000
1852  0.814000
1853  0.858000
1854  0.569000
1855  0.667000
1856  0.704000
1857  0.674000
1858  0.780000
1859  0.762000
1860  0.904000
1861  0.842000
1862  0.532000
1863  0.144000
1864  0.839000
1865  0.747000
1866  0.706000
1867  0.822000
1868  0.799000
1869  0.725000
1870  0.775000
1871  0.790000
1872  0.800000
1873  0.854000
1874  0.590000
1875  0.717000
1876  0.724000
1877  0.671000
1878  0.788000
1879  0.794000
1880  0.884000
1881  0.829000
1882  0.104000
1883  0.806000
1884  0.723000
1885  0.380000
1886  0.698000
1887  0.699000
1888  0.798000
1889  0.816000
1890  0.657000
1891  0.806000
1892  0.674000
1893  0.827000
1894  0.847000
1895  0.445000
1896  0.524000
1897  0.591000
1898  0.754000
1899  0.728000
1900  0.761000
1901  0.848000
1902  0.823000
1903  0.892000
1904  0.854000
1905  0.821000
1906  0.241000
1907  0.073000
1908  0.696000
1909  0.679000
1910  0.787000
1911  0.714000
1912  0.655000
1913  0.650000
1914  0.489000
1915  0.835000
1916  0.511000
1917  0.379000
1918  0.836000
1919  0.798000
1920  0.730000
1921  0.397000
1922  0.846000
1923  0.746000
1924  0.125000
1925  0.112000
1926  0.856000
1927  0.876000
1928  0.800000
1929  0.714000
1930  0.677000
1931  0.830000
1932  0.706000
1933  0.670000
1934  0.808000
1935  0.837000
1936  0.461000
1937  0.173000
1938  0.866000
1939  0.663000
1940  0.736000
1941  0.700000
1942  0.310000
1943  0.218000
1944  0.692000
1945  0.862000
1946  0.859000
1947  0.870000
1948  0.189000
1949  0.856000
1950  0.828000
1951  0.840000
1952  0.746000
1953  0.693000
1954  0.823000
1955  0.610000
1956  0.666000
1957  0.802000
1958  0.788000
1959  0.727000
1960  0.681000
1961  0.803000
1962  0.771000
1963  0.734000
1964  0.159000
1965  0.156000
1966  0.298000
1967  0.891000
1968  0.864000
1969  0.718000
1970  0.349000
1971  0.851000
1972  0.486000
1973  0.636000
1974  0.805000
1975  0.786000
1976  0.716000
1977  0.761000
1978  0.779000
1979  0.794000
1980  0.698000
1981  0.675000
1982  0.704000
1983  0.649000
1984  0.697000
1985  0.563000
1986  0.277000
1987  0.370000
1988  0.663000
1989  0.891000
1990  0.811000
1991  0.823000
1992  0.879000
1993  0.842000
1994  0.165000
1995  0.129000
1996  0.691000
1997  0.686000
1998  0.609000
1999  0.427000
2000  0.665000
2001  0.728000
2002  0.744000
2003  0.669000
2004  0.866000
2005  0.682000
2006  0.667000
2007  0.544000
2008  0.288000
2009  0.257000
2010  0.872000
2011  0.820000
2012  0.789000
2013  0.176000
2014  0.135000
2015  0.856000
2016  0.841000
2017  0.233000
2018  0.711000
2019  0.676000
2020  0.655000
2021  0.385000
2022  0.678000
2023  0.759000
2024  0.761000
2025  0.831000
2026  0.917000
2027  0.807000
2028  0.778000
2029  0.792000
2030  0.909000
2031  0.870000
2032  0.730000
2033  0.562000
2034  0.555000
2035  0.833000
2036  0.880000
2037  0.835000
2038  0.813000
2039  0.777000
2040  0.807000
2041  0.771000
2042  0.778000
2043  0.748000
2044  0.730000
2045  0.638000
2046  0.847000
2047  0.783000
2048  0.742000
2049  0.753000
2050  0.668000
2051  0.700000
2052  0.652000
2053  0.294000
2054  0.851000
2055  0.915000
2056  0.828000
2057  0.888000
2058  0.864000
2059  0.847000
2060  0.172000
2061  0.803000
2062  0.769000
2063  0.789000
2064  0.782000
2065  0.756000
2066  0.775000
2067  0.759000
2068  0.805000
2069  0.875000
2070  0.491000
2071  0.537000
2072  0.565000
2073  0.697000
2074  0.673000
2075  0.308000
2076  0.766000
2077  0.900000
2078  0.831000
2079  0.908000
2080  0.799000
2081  0.788000
2082  0.822000
2083  0.612000
2084  0.815000
2085  0.722000
2086  0.799000
2087  0.801000
2088  0.732000
2089  0.881000
2090  0.779000
2091  0.262000
2092  0.769000
2093  0.671000
2094  0.690000
2095  0.810000
2096  0.723000
2097  0.769000
2098  0.680000
2099  0.747000
2100  0.911000
2101  0.680000
2102  0.601000
2103  0.060000
2104  0.823000
2105  0.843000
2106  0.866000
2107  0.761000
2108  0.730000
2109  0.766000
2110  0.590000
2111  0.754000
2112  0.773000
2113  0.596000
2114  0.084000
2115  0.827000
2116  0.826000
2117  0.475000
2118  0.436000
2119  0.393000
2120  0.284000
2121  0.227000
2122  0.390000
2123  0.858000
2124  0.823000
2125  0.892000
2126  0.298000
2127  0.872000
2128  0.865000
2129  0.818000
2130  0.729000
2131  0.771000
2132  0.816000
2133  0.803000
2134  0.712000
2135  0.767000
2136  0.752000
2137  0.848000
2138  0.891000
2139  0.181000
2140  0.154000
2141  0.731000
2142  0.636000
2143  0.742000
2144  0.748000
