1  0.895000
2  0.942000
3  0.871000
4  0.840000
5  0.869000
6  0.886000
7  0.864000
8  0.852000
9  0.710000
10  0.694000
11  0.762000
12  0.749000
13  0.690000
14  0.779000
15  0.814000
16  0.833000
17  0.844000
18  0.836000
19  0.836000
20  0.824000
21  0.797000
22  0.743000
23  0.762000
24  0.789000
25  0.775000
26  0.823000
27  0.902000
28  0.826000
29  0.820000
30  0.875000
31  0.885000
32  0.849000
33  0.865000
34  0.667000
35  0.637000
36  0.717000
37  0.796000
38  0.686000
39  0.768000
40  0.762000
41  0.847000
42  0.880000
43  0.819000
44  0.673000
45  0.789000
46  0.841000
47  0.725000
48  0.773000
49  0.823000
50  0.723000
51  0.891000
52  0.818000
53  0.830000
54  0.880000
55  0.711000
56  0.838000
57  0.855000
58  0.847000
59  0.697000
60  0.642000
61  0.690000
62  0.774000
63  0.715000
64  0.769000
65  0.762000
66  0.883000
67  0.870000
68  0.826000
69  0.804000
70  0.789000
71  0.836000
72  0.712000
73  0.729000
74  0.792000
75  0.696000
76  0.904000
77  0.889000
78  0.830000
79  0.838000
80  0.770000
81  0.848000
82  0.840000
83  0.827000
84  0.697000
85  0.667000
86  0.724000
87  0.800000
88  0.717000
89  0.763000
90  0.764000
91  0.837000
92  0.864000
93  0.824000
94  0.874000
95  0.810000
96  0.870000
97  0.721000
98  0.780000
99  0.836000
100  0.738000
101  0.903000
102  0.899000
103  0.831000
104  0.868000
105  0.822000
106  0.828000
107  0.823000
108  0.873000
109  0.700000
110  0.668000
111  0.736000
112  0.804000
113  0.706000
114  0.765000
115  0.766000
116  0.870000
117  0.935000
118  0.886000
119  0.818000
120  0.857000
121  0.750000
122  0.773000
123  0.846000
124  0.758000
125  0.211000
126  0.886000
127  0.864000
128  0.825000
129  0.844000
130  0.831000
131  0.881000
132  0.848000
133  0.678000
134  0.639000
135  0.716000
136  0.806000
137  0.685000
138  0.775000
139  0.758000
140  0.199000
141  0.204000
142  0.194000
143  0.298000
144  0.807000
145  0.835000
146  0.714000
147  0.781000
148  0.842000
149  0.751000
150  0.799000
151  0.892000
152  0.828000
153  0.863000
154  0.797000
155  0.857000
156  0.879000
157  0.859000
158  0.743000
159  0.720000
160  0.763000
161  0.798000
162  0.731000
163  0.753000
164  0.773000
165  0.887000
166  0.891000
167  0.700000
168  0.817000
169  0.799000
170  0.879000
171  0.745000
172  0.705000
173  0.736000
174  0.572000
175  0.726000
176  0.848000
177  0.811000
178  0.435000
179  0.634000
180  0.807000
181  0.323000
182  0.505000
183  0.798000
184  0.751000
185  0.811000
186  0.802000
187  0.754000
188  0.860000
189  0.797000
190  0.812000
191  0.823000
192  0.595000
193  0.840000
194  0.754000
195  0.780000
196  0.734000
197  0.769000
198  0.744000
199  0.752000
200  0.865000
201  0.896000
202  0.805000
203  0.874000
204  0.839000
205  0.875000
206  0.755000
207  0.536000
208  0.705000
209  0.697000
210  0.819000
211  0.802000
212  0.697000
213  0.798000
214  0.767000
215  0.899000
216  0.902000
217  0.874000
218  0.836000
219  0.753000
220  0.796000
221  0.743000
222  0.763000
223  0.746000
224  0.686000
225  0.905000
226  0.921000
227  0.813000
228  0.772000
229  0.640000
230  0.881000
231  0.712000
232  0.475000
233  0.734000
234  0.733000
235  0.865000
236  0.801000
237  0.730000
238  0.772000
239  0.771000
240  0.882000
241  0.899000
242  0.907000
243  0.827000
244  0.735000
245  0.764000
246  0.757000
247  0.743000
248  0.742000
249  0.667000
250  0.831000
251  0.834000
252  0.795000
253  0.774000
254  0.709000
255  0.864000
256  0.795000
257  0.828000
258  0.801000
259  0.794000
260  0.765000
261  0.768000
262  0.750000
263  0.812000
264  0.692000
265  0.881000
266  0.901000
267  0.568000
268  0.883000
269  0.762000
270  0.668000
271  0.642000
272  0.356000
273  0.297000
274  0.729000
275  0.814000
276  0.917000
277  0.793000
278  0.916000
279  0.771000
280  0.862000
281  0.842000
282  0.787000
283  0.772000
284  0.735000
285  0.815000
286  0.814000
287  0.733000
288  0.808000
289  0.717000
290  0.898000
291  0.859000
292  0.186000
293  0.878000
294  0.792000
295  0.723000
296  0.699000
297  0.483000
298  0.422000
299  0.774000
300  0.887000
301  0.867000
302  0.873000
303  0.684000
304  0.806000
305  0.509000
306  0.656000
307  0.650000
308  0.696000
309  0.772000
310  0.664000
311  0.786000
312  0.688000
313  0.805000
314  0.908000
315  0.645000
316  0.615000
317  0.583000
318  0.564000
319  0.527000
320  0.680000
321  0.893000
322  0.889000
323  0.804000
324  0.785000
325  0.627000
326  0.845000
327  0.894000
328  0.863000
329  0.778000
330  0.688000
331  0.672000
332  0.784000
333  0.711000
334  0.768000
335  0.738000
336  0.894000
337  0.884000
338  0.664000
339  0.845000
340  0.735000
341  0.667000
342  0.652000
343  0.653000
344  0.590000
345  0.711000
346  0.894000
347  0.879000
348  0.833000
349  0.912000
350  0.800000
351  0.846000
352  0.907000
353  0.877000
354  0.759000
355  0.761000
356  0.705000
357  0.662000
358  0.777000
359  0.813000
360  0.759000
361  0.798000
362  0.859000
363  0.326000
364  0.833000
365  0.740000
366  0.690000
367  0.528000
368  0.334000
369  0.258000
370  0.652000
371  0.811000
372  0.924000
373  0.796000
374  0.861000
375  0.861000
376  0.796000
377  0.849000
378  0.822000
379  0.707000
380  0.708000
381  0.770000
382  0.662000
383  0.704000
384  0.762000
385  0.746000
386  0.855000
387  0.887000
388  0.840000
389  0.917000
390  0.804000
391  0.695000
392  0.465000
393  0.357000
394  0.273000
395  0.629000
396  0.835000
397  0.870000
398  0.776000
399  0.726000
400  0.739000
401  0.811000
402  0.257000
403  0.106000
404  0.795000
405  0.766000
406  0.798000
407  0.793000
408  0.776000
409  0.837000
410  0.760000
411  0.859000
412  0.294000
413  0.824000
414  0.846000
415  0.784000
416  0.704000
417  0.780000
418  0.734000
419  0.709000
420  0.891000
421  0.886000
422  0.832000
423  0.796000
424  0.812000
425  0.845000
426  0.802000
427  0.780000
428  0.811000
429  0.748000
430  0.844000
431  0.720000
432  0.806000
433  0.765000
434  0.690000
435  0.844000
436  0.815000
437  0.843000
438  0.191000
439  0.149000
440  0.616000
441  0.703000
442  0.663000
443  0.531000
444  0.811000
445  0.925000
446  0.813000
447  0.857000
448  0.865000
449  0.861000
450  0.872000
451  0.783000
452  0.795000
453  0.783000
454  0.907000
455  0.711000
456  0.781000
457  0.808000
458  0.726000
459  0.731000
460  0.801000
461  0.344000
462  0.578000
463  0.566000
464  0.487000
465  0.632000
466  0.660000
467  0.642000
468  0.591000
469  0.609000
470  0.859000
471  0.836000
472  0.853000
473  0.921000
474  0.785000
475  0.890000
476  0.767000
477  0.665000
478  0.677000
479  0.792000
480  0.580000
481  0.689000
482  0.777000
483  0.368000
484  0.690000
485  0.831000
486  0.380000
487  0.299000
488  0.285000
489  0.461000
490  0.379000
491  0.470000
492  0.917000
493  0.821000
494  0.778000
495  0.797000
496  0.265000
497  0.769000
498  0.762000
499  0.459000
500  0.614000
501  0.622000
502  0.744000
503  0.652000
504  0.443000
505  0.464000
506  0.443000
507  0.855000
508  0.403000
509  0.854000
510  0.055000
511  0.238000
512  0.735000
513  0.711000
514  0.680000
515  0.562000
516  0.860000
517  0.787000
518  0.814000
519  0.843000
520  0.797000
521  0.770000
522  0.757000
523  0.768000
524  0.722000
525  0.854000
526  0.724000
527  0.726000
528  0.826000
529  0.680000
530  0.620000
531  0.642000
532  0.696000
533  0.680000
534  0.504000
535  0.461000
536  0.452000
537  0.601000
538  0.514000
539  0.474000
540  0.907000
541  0.913000
542  0.830000
543  0.925000
544  0.833000
545  0.836000
546  0.866000
547  0.810000
548  0.787000
549  0.732000
550  0.848000
551  0.709000
552  0.798000
553  0.772000
554  0.586000
555  0.876000
556  0.906000
557  0.865000
558  0.381000
559  0.519000
560  0.486000
561  0.314000
562  0.562000
563  0.473000
564  0.564000
565  0.887000
566  0.791000
567  0.759000
568  0.518000
569  0.533000
570  0.761000
571  0.182000
572  0.244000
573  0.737000
574  0.743000
575  0.729000
576  0.829000
577  0.739000
578  0.820000
579  0.760000
580  0.807000
581  0.695000
582  0.781000
583  0.823000
584  0.733000
585  0.687000
586  0.803000
587  0.803000
588  0.646000
589  0.864000
590  0.932000
591  0.798000
592  0.108000
593  0.863000
594  0.801000
595  0.810000
596  0.823000
597  0.788000
598  0.822000
599  0.833000
600  0.745000
601  0.822000
602  0.845000
603  0.873000
604  0.866000
605  0.827000
606  0.826000
607  0.844000
608  0.858000
609  0.734000
610  0.777000
611  0.779000
612  0.717000
613  0.885000
614  0.860000
615  0.801000
616  0.784000
617  0.319000
618  0.841000
619  0.865000
620  0.748000
621  0.773000
622  0.773000
623  0.795000
624  0.833000
625  0.768000
626  0.898000
627  0.798000
628  0.856000
629  0.201000
630  0.830000
631  0.829000
632  0.736000
633  0.755000
634  0.822000
635  0.795000
636  0.671000
637  0.848000
638  0.877000
639  0.758000
640  0.837000
641  0.803000
642  0.848000
643  0.853000
644  0.837000
645  0.736000
646  0.723000
647  0.877000
648  0.841000
649  0.727000
650  0.823000
651  0.825000
652  0.901000
653  0.896000
654  0.793000
655  0.816000
656  0.678000
657  0.704000
658  0.706000
659  0.724000
660  0.808000
661  0.868000
662  0.796000
663  0.835000
664  0.825000
665  0.825000
666  0.880000
667  0.785000
668  0.821000
669  0.797000
670  0.868000
671  0.814000
672  0.754000
673  0.823000
674  0.723000
675  0.712000
676  0.814000
677  0.120000
678  0.840000
679  0.692000
680  0.709000
681  0.567000
682  0.737000
683  0.707000
684  0.681000
685  0.867000
686  0.794000
687  0.866000
688  0.835000
689  0.847000
690  0.685000
691  0.813000
692  0.698000
693  0.683000
694  0.828000
695  0.826000
696  0.679000
697  0.821000
698  0.767000
699  0.782000
700  0.220000
701  0.288000
702  0.297000
703  0.708000
704  0.696000
705  0.762000
706  0.782000
707  0.867000
708  0.814000
709  0.629000
710  0.602000
711  0.775000
712  0.809000
713  0.466000
714  0.767000
715  0.734000
716  0.883000
717  0.774000
718  0.710000
719  0.810000
720  0.796000
721  0.840000
722  0.895000
723  0.701000
724  0.789000
725  0.710000
726  0.763000
727  0.885000
728  0.810000
729  0.885000
730  0.851000
731  0.699000
732  0.757000
733  0.825000
734  0.087000
735  0.694000
736  0.658000
737  0.795000
738  0.765000
739  0.677000
740  0.799000
741  0.788000
742  0.806000
743  0.828000
744  0.605000
745  0.702000
746  0.712000
747  0.733000
748  0.819000
749  0.800000
750  0.868000
751  0.877000
752  0.695000
753  0.065000
754  0.836000
755  0.864000
756  0.831000
757  0.689000
758  0.696000
759  0.807000
760  0.785000
761  0.693000
762  0.810000
763  0.741000
764  0.811000
765  0.793000
766  0.416000
767  0.392000
768  0.601000
769  0.737000
770  0.824000
771  0.781000
772  0.795000
773  0.783000
774  0.805000
775  0.806000
776  0.806000
777  0.190000
778  0.725000
779  0.680000
780  0.653000
781  0.809000
782  0.705000
783  0.614000
784  0.717000
785  0.431000
786  0.835000
787  0.565000
788  0.208000
789  0.173000
790  0.261000
791  0.737000
792  0.783000
793  0.749000
794  0.904000
795  0.795000
796  0.627000
797  0.319000
798  0.854000
799  0.437000
800  0.412000
801  0.687000
802  0.658000
803  0.651000
804  0.760000
805  0.717000
806  0.825000
807  0.814000
808  0.870000
809  0.714000
810  0.607000
811  0.704000
812  0.684000
813  0.330000
814  0.289000
815  0.803000
816  0.877000
817  0.804000
818  0.869000
819  0.569000
820  0.808000
821  0.124000
822  0.733000
823  0.686000
824  0.752000
825  0.743000
826  0.714000
827  0.287000
828  0.539000
829  0.875000
830  0.785000
831  0.277000
832  0.282000
833  0.372000
834  0.438000
835  0.565000
836  0.732000
837  0.777000
838  0.825000
839  0.887000
840  0.389000
841  0.872000
842  0.872000
843  0.386000
844  0.729000
845  0.689000
846  0.727000
847  0.559000
848  0.697000
849  0.752000
850  0.777000
851  0.348000
852  0.765000
853  0.801000
854  0.848000
855  0.658000
856  0.177000
857  0.150000
858  0.414000
859  0.840000
860  0.878000
861  0.774000
862  0.750000
863  0.301000
864  0.820000
865  0.887000
866  0.188000
867  0.708000
868  0.662000
869  0.534000
870  0.370000
871  0.699000
872  0.743000
873  0.738000
874  0.870000
875  0.918000
876  0.786000
877  0.818000
878  0.762000
879  0.281000
880  0.839000
881  0.881000
882  0.787000
883  0.916000
884  0.762000
885  0.864000
886  0.667000
887  0.806000
888  0.826000
889  0.801000
890  0.825000
891  0.793000
892  0.802000
893  0.810000
894  0.777000
895  0.834000
896  0.841000
897  0.882000
898  0.077000
899  0.757000
900  0.723000
901  0.678000
902  0.625000
903  0.641000
904  0.327000
905  0.860000
906  0.902000
907  0.912000
908  0.874000
909  0.874000
910  0.801000
911  0.878000
912  0.857000
913  0.770000
914  0.735000
915  0.852000
916  0.831000
917  0.781000
918  0.804000
919  0.783000
920  0.646000
921  0.932000
922  0.862000
923  0.732000
924  0.688000
925  0.630000
926  0.712000
927  0.672000
928  0.401000
929  0.836000
930  0.911000
931  0.833000
932  0.866000
933  0.809000
934  0.859000
935  0.812000
936  0.865000
937  0.747000
938  0.699000
939  0.751000
940  0.835000
941  0.712000
942  0.857000
943  0.844000
944  0.885000
945  0.863000
946  0.758000
947  0.761000
948  0.717000
949  0.757000
950  0.710000
951  0.740000
952  0.847000
953  0.825000
954  0.872000
955  0.679000
956  0.853000
957  0.928000
958  0.853000
959  0.768000
960  0.731000
961  0.825000
962  0.784000
963  0.757000
964  0.799000
965  0.615000
966  0.889000
967  0.870000
968  0.178000
969  0.139000
970  0.289000
971  0.741000
972  0.803000
973  0.756000
974  0.873000
975  0.804000
976  0.740000
977  0.253000
978  0.379000
979  0.887000
980  0.914000
981  0.908000
982  0.783000
983  0.711000
984  0.797000
985  0.695000
986  0.779000
987  0.771000
988  0.710000
989  0.895000
990  0.923000
991  0.590000
992  0.595000
993  0.555000
994  0.392000
995  0.414000
996  0.665000
997  0.869000
998  0.910000
999  0.800000
1000  0.494000
1001  0.544000
1002  0.880000
1003  0.833000
1004  0.847000
1005  0.843000
1006  0.811000
1007  0.805000
1008  0.807000
1009  0.836000
1010  0.819000
1011  0.823000
1012  0.349000
1013  0.906000
1014  0.833000
1015  0.736000
1016  0.775000
1017  0.576000
1018  0.751000
1019  0.736000
1020  0.716000
1021  0.857000
1022  0.904000
1023  0.785000
1024  0.214000
1025  0.309000
1026  0.862000
1027  0.879000
1028  0.898000
1029  0.808000
1030  0.770000
1031  0.834000
1032  0.792000
1033  0.795000
1034  0.866000
1035  0.828000
1036  0.750000
1037  0.933000
1038  0.957000
1039  0.754000
1040  0.827000
1041  0.487000
1042  0.705000
1043  0.684000
1044  0.702000
1045  0.880000
1046  0.876000
1047  0.869000
1048  0.291000
1049  0.377000
1050  0.907000
1051  0.826000
1052  0.909000
1053  0.842000
1054  0.817000
1055  0.871000
1056  0.769000
1057  0.817000
1058  0.808000
1059  0.823000
1060  0.869000
1061  0.934000
1062  0.059000
1063  0.903000
1064  0.768000
1065  0.786000
1066  0.557000
1067  0.628000
1068  0.575000
1069  0.641000
1070  0.948000
1071  0.892000
1072  0.795000
1073  0.658000
1074  0.337000
1075  0.886000
1076  0.844000
1077  0.900000
1078  0.792000
1079  0.769000
1080  0.819000
1081  0.853000
1082  0.746000
1083  0.743000
1084  0.742000
1085  0.860000
1086  0.864000
1087  0.907000
1088  0.603000
1089  0.680000
1090  0.490000
1091  0.722000
1092  0.716000
1093  0.724000
1094  0.879000
1095  0.886000
1096  0.854000
1097  0.893000
1098  0.818000
1099  0.842000
1100  0.865000
1101  0.857000
1102  0.832000
1103  0.752000
1104  0.743000
1105  0.727000
1106  0.755000
1107  0.788000
1108  0.666000
1109  0.913000
1110  0.906000
1111  0.730000
1112  0.922000
1113  0.772000
1114  0.758000
1115  0.383000
1116  0.122000
1117  0.098000
1118  0.641000
1119  0.898000
1120  0.849000
1121  0.830000
1122  0.857000
1123  0.772000
1124  0.713000
1125  0.824000
1126  0.762000
1127  0.619000
1128  0.596000
1129  0.617000
1130  0.715000
1131  0.578000
1132  0.516000
1133  0.462000
1134  0.792000
1135  0.742000
1136  0.904000
1137  0.141000
1138  0.237000
1139  0.831000
1140  0.764000
1141  0.718000
1142  0.843000
1143  0.621000
1144  0.803000
1145  0.796000
1146  0.814000
1147  0.434000
1148  0.198000
1149  0.371000
1150  0.538000
1151  0.554000
1152  0.745000
1153  0.805000
1154  0.442000
1155  0.669000
1156  0.745000
1157  0.901000
1158  0.705000
1159  0.840000
1160  0.284000
1161  0.247000
1162  0.649000
1163  0.819000
1164  0.838000
1165  0.789000
1166  0.383000
1167  0.866000
1168  0.802000
1169  0.947000
1170  0.865000
1171  0.790000
1172  0.778000
1173  0.692000
1174  0.750000
1175  0.677000
1176  0.797000
1177  0.585000
1178  0.773000
1179  0.856000
1180  0.746000
1181  0.391000
1182  0.468000
1183  0.663000
1184  0.657000
1185  0.837000
1186  0.772000
1187  0.333000
1188  0.541000
1189  0.492000
1190  0.664000
1191  0.848000
1192  0.808000
1193  0.815000
1194  0.728000
1195  0.795000
1196  0.754000
1197  0.839000
1198  0.815000
1199  0.705000
1200  0.674000
1201  0.799000
1202  0.683000
1203  0.660000
1204  0.803000
1205  0.721000
1206  0.953000
1207  0.906000
1208  0.071000
1209  0.918000
1210  0.750000
1211  0.676000
1212  0.664000
1213  0.674000
1214  0.591000
1215  0.321000
1216  0.873000
1217  0.854000
1218  0.775000
1219  0.820000
1220  0.821000
1221  0.805000
1222  0.841000
1223  0.862000
1224  0.725000
1225  0.706000
1226  0.583000
1227  0.719000
1228  0.676000
1229  0.661000
1230  0.695000
1231  0.828000
1232  0.892000
1233  0.881000
1234  0.912000
1235  0.734000
1236  0.646000
1237  0.584000
1238  0.446000
1239  0.393000
1240  0.600000
1241  0.854000
1242  0.820000
1243  0.805000
1244  0.870000
1245  0.881000
1246  0.807000
1247  0.935000
1248  0.823000
1249  0.645000
1250  0.493000
1251  0.713000
1252  0.654000
1253  0.584000
1254  0.786000
1255  0.724000
1256  0.144000
1257  0.844000
1258  0.891000
1259  0.811000
1260  0.787000
1261  0.531000
1262  0.058000
1263  0.626000
1264  0.449000
1265  0.867000
1266  0.776000
1267  0.903000
1268  0.767000
1269  0.815000
1270  0.782000
1271  0.835000
1272  0.699000
1273  0.651000
1274  0.837000
1275  0.812000
1276  0.693000
1277  0.803000
1278  0.755000
1279  0.613000
1280  0.274000
1281  0.889000
1282  0.591000
1283  0.677000
1284  0.718000
1285  0.717000
1286  0.764000
1287  0.790000
1288  0.642000
1289  0.844000
1290  0.774000
1291  0.910000
1292  0.849000
1293  0.788000
1294  0.845000
1295  0.827000
1296  0.664000
1297  0.669000
1298  0.835000
1299  0.783000
1300  0.652000
1301  0.843000
1302  0.756000
1303  0.721000
1304  0.105000
1305  0.876000
1306  0.717000
1307  0.763000
1308  0.723000
1309  0.589000
1310  0.702000
1311  0.814000
1312  0.858000
1313  0.884000
1314  0.807000
1315  0.579000
1316  0.691000
1317  0.783000
1318  0.909000
1319  0.813000
1320  0.788000
1321  0.806000
1322  0.846000
1323  0.794000
1324  0.739000
1325  0.731000
1326  0.829000
1327  0.089000
1328  0.892000
1329  0.838000
1330  0.813000
1331  0.799000
1332  0.631000
1333  0.762000
1334  0.693000
1335  0.758000
1336  0.116000
1337  0.927000
1338  0.851000
1339  0.861000
1340  0.832000
1341  0.840000
1342  0.812000
1343  0.448000
1344  0.650000
1345  0.661000
1346  0.814000
1347  0.789000
1348  0.663000
1349  0.802000
1350  0.722000
1351  0.220000
1352  0.189000
1353  0.806000
1354  0.629000
1355  0.665000
1356  0.555000
1357  0.628000
1358  0.599000
1359  0.751000
1360  0.900000
1361  0.773000
1362  0.684000
1363  0.824000
1364  0.773000
1365  0.845000
1366  0.852000
1367  0.811000
1368  0.675000
1369  0.568000
1370  0.759000
1371  0.762000
1372  0.626000
1373  0.764000
1374  0.750000
1375  0.106000
1376  0.877000
1377  0.873000
1378  0.736000
1379  0.744000
1380  0.691000
1381  0.801000
1382  0.742000
1383  0.752000
1384  0.891000
1385  0.811000
1386  0.794000
1387  0.078000
1388  0.784000
1389  0.867000
1390  0.766000
1391  0.733000
1392  0.697000
1393  0.823000
1394  0.368000
1395  0.676000
1396  0.710000
1397  0.797000
1398  0.834000
1399  0.816000
1400  0.804000
1401  0.805000
1402  0.740000
1403  0.167000
1404  0.839000
1405  0.808000
1406  0.753000
1407  0.510000
1408  0.680000
1409  0.849000
1410  0.870000
1411  0.896000
1412  0.738000
1413  0.722000
1414  0.871000
1415  0.793000
1416  0.689000
1417  0.748000
1418  0.772000
1419  0.908000
1420  0.871000
1421  0.817000
1422  0.754000
1423  0.669000
1424  0.794000
1425  0.659000
1426  0.785000
1427  0.885000
1428  0.878000
1429  0.822000
1430  0.832000
1431  0.653000
1432  0.771000
1433  0.763000
1434  0.712000
1435  0.741000
1436  0.714000
1437  0.756000
1438  0.794000
1439  0.758000
1440  0.773000
1441  0.827000
1442  0.846000
1443  0.853000
1444  0.894000
1445  0.802000
1446  0.809000
1447  0.758000
1448  0.750000
1449  0.708000
1450  0.661000
1451  0.874000
1452  0.860000
1453  0.736000
1454  0.718000
1455  0.896000
1456  0.769000
1457  0.814000
1458  0.826000
1459  0.736000
1460  0.723000
1461  0.600000
1462  0.819000
1463  0.755000
1464  0.760000
1465  0.775000
1466  0.766000
1467  0.577000
1468  0.796000
1469  0.813000
1470  0.781000
1471  0.814000
1472  0.774000
1473  0.539000
1474  0.857000
1475  0.773000
1476  0.820000
1477  0.839000
1478  0.678000
1479  0.664000
1480  0.228000
1481  0.371000
1482  0.724000
1483  0.675000
1484  0.812000
1485  0.791000
1486  0.634000
1487  0.810000
1488  0.723000
1489  0.870000
1490  0.840000
1491  0.394000
1492  0.468000
1493  0.612000
1494  0.794000
1495  0.796000
1496  0.814000
1497  0.862000
1498  0.876000
1499  0.786000
1500  0.839000
1501  0.763000
1502  0.832000
1503  0.862000
1504  0.824000
1505  0.689000
1506  0.671000
1507  0.710000
1508  0.637000
1509  0.680000
1510  0.644000
1511  0.666000
1512  0.892000
1513  0.879000
1514  0.827000
1515  0.506000
1516  0.752000
1517  0.738000
1518  0.441000
1519  0.697000
1520  0.620000
1521  0.583000
1522  0.878000
1523  0.898000
1524  0.812000
1525  0.780000
1526  0.411000
1527  0.736000
1528  0.299000
1529  0.315000
1530  0.669000
1531  0.656000
1532  0.654000
1533  0.655000
1534  0.648000
1535  0.667000
1536  0.403000
1537  0.826000
1538  0.928000
1539  0.870000
1540  0.784000
1541  0.503000
1542  0.524000
1543  0.185000
1544  0.658000
1545  0.647000
1546  0.687000
1547  0.893000
1548  0.874000
1549  0.855000
1550  0.822000
1551  0.585000
1552  0.785000
1553  0.794000
1554  0.732000
1555  0.731000
1556  0.730000
1557  0.769000
1558  0.743000
1559  0.719000
1560  0.611000
1561  0.823000
1562  0.894000
1563  0.862000
1564  0.903000
1565  0.872000
1566  0.795000
1567  0.801000
1568  0.746000
1569  0.642000
1570  0.630000
1571  0.700000
1572  0.816000
1573  0.909000
1574  0.832000
1575  0.593000
1576  0.560000
1577  0.897000
1578  0.828000
1579  0.832000
1580  0.805000
1581  0.753000
1582  0.641000
1583  0.794000
1584  0.833000
1585  0.866000
1586  0.836000
1587  0.784000
1588  0.785000
1589  0.880000
1590  0.450000
1591  0.852000
1592  0.842000
1593  0.651000
1594  0.704000
1595  0.721000
1596  0.544000
1597  0.804000
1598  0.892000
1599  0.820000
1600  0.895000
1601  0.764000
1602  0.790000
1603  0.782000
1604  0.886000
1605  0.799000
1606  0.781000
1607  0.835000
1608  0.821000
1609  0.827000
1610  0.827000
1611  0.839000
1612  0.875000
1613  0.878000
1614  0.698000
1615  0.839000
1616  0.841000
1617  0.847000
1618  0.644000
1619  0.838000
1620  0.836000
1621  0.604000
1622  0.497000
1623  0.912000
1624  0.861000
1625  0.793000
1626  0.812000
1627  0.865000
1628  0.872000
1629  0.789000
1630  0.765000
1631  0.695000
1632  0.772000
1633  0.789000
1634  0.733000
1635  0.776000
1636  0.819000
1637  0.542000
1638  0.641000
1639  0.253000
1640  0.609000
1641  0.793000
1642  0.799000
1643  0.611000
1644  0.707000
1645  0.695000
1646  0.612000
1647  0.889000
1648  0.935000
1649  0.858000
1650  0.849000
1651  0.850000
1652  0.849000
1653  0.836000
1654  0.743000
1655  0.760000
1656  0.712000
1657  0.771000
1658  0.792000
1659  0.736000
1660  0.807000
1661  0.821000
1662  0.898000
1663  0.884000
1664  0.857000
1665  0.491000
1666  0.786000
1667  0.832000
1668  0.651000
1669  0.745000
1670  0.768000
1671  0.602000
1672  0.898000
1673  0.887000
1674  0.874000
1675  0.928000
1676  0.909000
1677  0.846000
1678  0.889000
1679  0.905000
1680  0.738000
1681  0.739000
1682  0.811000
1683  0.798000
1684  0.782000
1685  0.793000
1686  0.825000
1687  0.887000
1688  0.883000
1689  0.851000
1690  0.778000
1691  0.728000
1692  0.790000
1693  0.638000
1694  0.726000
1695  0.754000
1696  0.573000
1697  0.925000
1698  0.839000
1699  0.822000
1700  0.828000
1701  0.871000
1702  0.807000
1703  0.902000
1704  0.896000
1705  0.725000
1706  0.700000
1707  0.765000
1708  0.807000
1709  0.726000
1710  0.769000
1711  0.720000
1712  0.867000
1713  0.863000
1714  0.850000
1715  0.768000
1716  0.793000
1717  0.821000
1718  0.628000
1719  0.824000
1720  0.775000
1721  0.593000
