1  0.855000
2  0.933000
3  0.878000
4  0.940000
5  0.846000
6  0.906000
7  0.951000
8  0.826000
9  0.801000
10  0.782000
11  0.829000
12  0.747000
13  0.785000
14  0.859000
15  0.817000
16  0.849000
17  0.900000
18  0.860000
19  0.826000
20  0.846000
21  0.539000
22  0.594000
23  0.583000
24  0.627000
25  0.836000
26  0.919000
27  0.768000
28  0.163000
29  0.269000
30  0.851000
31  0.804000
32  0.847000
33  0.856000
34  0.802000
35  0.812000
36  0.761000
37  0.830000
38  0.876000
39  0.835000
40  0.925000
41  0.938000
42  0.121000
43  0.889000
44  0.798000
45  0.845000
46  0.626000
47  0.640000
48  0.646000
49  0.623000
50  0.672000
51  0.808000
52  0.795000
53  0.926000
54  0.732000
55  0.837000
56  0.713000
57  0.778000
58  0.710000
59  0.656000
60  0.694000
61  0.601000
62  0.691000
63  0.770000
64  0.775000
65  0.130000
66  0.750000
67  0.672000
68  0.680000
69  0.641000
70  0.737000
71  0.403000
72  0.369000
73  0.205000
74  0.892000
75  0.888000
76  0.832000
77  0.858000
78  0.799000
79  0.851000
80  0.828000
81  0.893000
82  0.814000
83  0.770000
84  0.819000
85  0.811000
86  0.750000
87  0.856000
88  0.759000
89  0.882000
90  0.881000
91  0.780000
92  0.796000
93  0.845000
94  0.827000
95  0.738000
96  0.762000
97  0.775000
98  0.360000
99  0.933000
100  0.900000
101  0.839000
102  0.860000
103  0.730000
104  0.719000
105  0.838000
106  0.753000
107  0.752000
108  0.688000
109  0.643000
110  0.573000
111  0.744000
112  0.782000
113  0.682000
114  0.854000
115  0.276000
116  0.819000
117  0.772000
118  0.727000
119  0.693000
120  0.163000
121  0.227000
122  0.218000
123  0.425000
124  0.694000
125  0.846000
126  0.826000
127  0.709000
128  0.515000
129  0.885000
130  0.841000
131  0.507000
132  0.556000
133  0.705000
134  0.748000
135  0.336000
136  0.503000
137  0.357000
138  0.570000
139  0.101000
140  0.762000
141  0.053000
142  0.187000
143  0.763000
144  0.812000
145  0.802000
146  0.927000
147  0.836000
148  0.829000
149  0.919000
150  0.827000
151  0.819000
152  0.860000
153  0.746000
154  0.772000
155  0.724000
156  0.756000
157  0.684000
158  0.721000
159  0.833000
160  0.734000
161  0.853000
162  0.851000
163  0.869000
164  0.598000
165  0.854000
166  0.789000
167  0.289000
168  0.516000
169  0.454000
170  0.665000
171  0.822000
172  0.859000
173  0.882000
174  0.736000
175  0.802000
176  0.844000
177  0.813000
178  0.755000
179  0.673000
180  0.672000
181  0.819000
182  0.716000
183  0.647000
184  0.754000
185  0.419000
186  0.866000
187  0.858000
188  0.307000
189  0.867000
190  0.066000
191  0.183000
192  0.724000
193  0.621000
194  0.632000
195  0.891000
196  0.586000
197  0.357000
198  0.057000
199  0.746000
200  0.785000
201  0.397000
202  0.497000
203  0.297000
204  0.497000
205  0.523000
206  0.545000
207  0.612000
208  0.717000
209  0.793000
210  0.894000
211  0.809000
212  0.541000
213  0.451000
214  0.645000
215  0.460000
216  0.876000
217  0.741000
218  0.736000
219  0.792000
220  0.805000
221  0.733000
222  0.890000
223  0.811000
224  0.619000
225  0.568000
226  0.387000
227  0.193000
228  0.616000
229  0.639000
230  0.650000
231  0.878000
232  0.892000
233  0.917000
234  0.888000
235  0.492000
236  0.445000
237  0.574000
238  0.121000
239  0.118000
240  0.899000
241  0.835000
242  0.778000
243  0.805000
244  0.863000
245  0.798000
246  0.858000
247  0.835000
248  0.662000
249  0.638000
250  0.567000
251  0.534000
252  0.622000
253  0.722000
254  0.711000
255  0.865000
256  0.891000
257  0.861000
258  0.549000
259  0.478000
260  0.631000
261  0.063000
262  0.411000
263  0.654000
264  0.879000
265  0.797000
266  0.873000
267  0.753000
268  0.839000
269  0.645000
270  0.679000
271  0.656000
272  0.642000
273  0.800000
274  0.786000
275  0.612000
276  0.753000
277  0.770000
278  0.765000
279  0.067000
280  0.930000
281  0.741000
282  0.787000
283  0.682000
284  0.648000
285  0.613000
286  0.597000
287  0.687000
288  0.829000
289  0.874000
290  0.872000
291  0.846000
292  0.764000
293  0.836000
294  0.810000
295  0.647000
296  0.641000
297  0.813000
298  0.722000
299  0.608000
300  0.757000
301  0.779000
302  0.783000
303  0.069000
304  0.786000
305  0.747000
306  0.781000
307  0.728000
308  0.649000
309  0.628000
310  0.603000
311  0.879000
312  0.867000
313  0.849000
314  0.894000
315  0.850000
316  0.868000
317  0.830000
318  0.826000
319  0.707000
320  0.655000
321  0.657000
322  0.769000
323  0.652000
324  0.717000
325  0.797000
326  0.436000
327  0.855000
328  0.855000
329  0.874000
330  0.703000
331  0.730000
332  0.518000
333  0.464000
334  0.736000
335  0.883000
336  0.895000
337  0.858000
338  0.902000
339  0.726000
340  0.830000
341  0.792000
342  0.860000
343  0.794000
344  0.745000
345  0.773000
346  0.804000
347  0.739000
348  0.819000
349  0.798000
350  0.181000
351  0.859000
352  0.853000
353  0.752000
354  0.745000
355  0.621000
356  0.785000
357  0.778000
358  0.769000
359  0.878000
360  0.902000
361  0.853000
362  0.862000
363  0.844000
364  0.792000
365  0.869000
366  0.579000
367  0.751000
368  0.672000
369  0.795000
370  0.764000
371  0.690000
372  0.794000
373  0.761000
374  0.888000
375  0.852000
376  0.638000
377  0.761000
378  0.723000
379  0.659000
380  0.575000
381  0.788000
382  0.917000
383  0.800000
384  0.730000
385  0.941000
386  0.885000
387  0.860000
388  0.708000
389  0.863000
390  0.669000
391  0.538000
392  0.766000
393  0.769000
394  0.657000
395  0.776000
396  0.710000
397  0.061000
398  0.862000
399  0.906000
400  0.552000
401  0.672000
402  0.623000
403  0.503000
404  0.473000
405  0.738000
406  0.496000
407  0.830000
408  0.744000
409  0.808000
410  0.759000
411  0.804000
412  0.810000
413  0.723000
414  0.741000
415  0.599000
416  0.801000
417  0.752000
418  0.694000
419  0.775000
420  0.794000
421  0.708000
422  0.850000
423  0.732000
424  0.767000
425  0.746000
426  0.720000
427  0.630000
428  0.643000
429  0.885000
430  0.761000
431  0.673000
432  0.585000
433  0.851000
434  0.839000
435  0.804000
436  0.786000
437  0.735000
438  0.717000
439  0.812000
440  0.806000
441  0.694000
442  0.775000
443  0.810000
444  0.067000
445  0.867000
446  0.888000
447  0.846000
448  0.752000
449  0.720000
450  0.737000
451  0.725000
452  0.715000
453  0.861000
454  0.893000
455  0.798000
456  0.875000
457  0.794000
458  0.828000
459  0.753000
460  0.818000
461  0.755000
462  0.715000
463  0.740000
464  0.810000
465  0.733000
466  0.788000
467  0.846000
468  0.934000
469  0.122000
470  0.883000
471  0.761000
472  0.775000
473  0.741000
474  0.766000
475  0.743000
476  0.660000
477  0.818000
478  0.803000
479  0.767000
480  0.486000
481  0.230000
482  0.640000
483  0.079000
484  0.697000
485  0.690000
486  0.814000
487  0.794000
488  0.664000
489  0.862000
490  0.765000
491  0.884000
492  0.085000
493  0.877000
494  0.634000
495  0.580000
496  0.690000
497  0.715000
498  0.728000
499  0.772000
500  0.850000
501  0.870000
502  0.858000
503  0.910000
504  0.842000
505  0.762000
506  0.252000
507  0.200000
508  0.689000
509  0.670000
510  0.816000
511  0.805000
512  0.661000
513  0.797000
514  0.758000
515  0.833000
516  0.855000
517  0.771000
518  0.591000
519  0.650000
520  0.758000
521  0.857000
522  0.828000
523  0.836000
524  0.852000
525  0.796000
526  0.857000
527  0.832000
528  0.828000
529  0.882000
530  0.866000
531  0.747000
532  0.750000
533  0.855000
534  0.722000
535  0.706000
536  0.701000
537  0.815000
538  0.864000
539  0.886000
540  0.870000
541  0.643000
542  0.858000
543  0.775000
544  0.535000
545  0.658000
546  0.644000
547  0.632000
548  0.888000
549  0.901000
550  0.765000
551  0.381000
552  0.547000
553  0.855000
554  0.427000
555  0.684000
556  0.685000
557  0.689000
558  0.743000
559  0.737000
560  0.676000
561  0.744000
562  0.622000
563  0.906000
564  0.908000
565  0.853000
566  0.871000
567  0.607000
568  0.611000
569  0.360000
570  0.691000
571  0.662000
572  0.587000
573  0.864000
574  0.903000
575  0.861000
576  0.753000
577  0.755000
578  0.796000
579  0.768000
580  0.783000
581  0.826000
582  0.744000
583  0.753000
584  0.761000
585  0.769000
586  0.820000
587  0.865000
588  0.814000
589  0.812000
590  0.870000
591  0.078000
592  0.760000
593  0.763000
594  0.655000
595  0.750000
596  0.775000
597  0.545000
598  0.858000
599  0.906000
600  0.852000
601  0.849000
602  0.827000
603  0.857000
604  0.651000
605  0.741000
606  0.763000
607  0.748000
608  0.798000
609  0.428000
610  0.677000
611  0.737000
612  0.800000
613  0.845000
614  0.863000
615  0.892000
616  0.274000
617  0.841000
618  0.820000
619  0.605000
620  0.253000
621  0.216000
622  0.361000
623  0.804000
624  0.855000
625  0.899000
626  0.805000
627  0.676000
628  0.816000
629  0.834000
630  0.669000
631  0.791000
632  0.769000
633  0.824000
634  0.824000
635  0.761000
636  0.804000
637  0.761000
638  0.849000
639  0.877000
640  0.820000
641  0.825000
642  0.824000
643  0.786000
644  0.620000
645  0.792000
646  0.795000
647  0.625000
648  0.835000
649  0.865000
650  0.871000
651  0.856000
652  0.693000
653  0.804000
654  0.853000
655  0.790000
656  0.751000
657  0.713000
658  0.812000
659  0.823000
660  0.749000
661  0.807000
662  0.849000
663  0.916000
664  0.899000
665  0.933000
666  0.812000
667  0.815000
668  0.821000
669  0.557000
670  0.757000
671  0.758000
672  0.593000
673  0.842000
674  0.859000
675  0.855000
676  0.816000
677  0.880000
678  0.873000
679  0.892000
680  0.781000
681  0.753000
682  0.727000
683  0.796000
684  0.819000
685  0.771000
686  0.770000
687  0.850000
688  0.936000
689  0.941000
690  0.875000
691  0.853000
692  0.832000
693  0.842000
694  0.591000
695  0.800000
696  0.763000
697  0.598000
698  0.885000
699  0.896000
700  0.831000
701  0.830000
702  0.826000
703  0.864000
704  0.819000
705  0.848000
706  0.774000
707  0.787000
708  0.772000
709  0.814000
710  0.781000
711  0.785000
712  0.852000
713  0.874000
714  0.865000
715  0.814000
716  0.410000
717  0.810000
718  0.838000
719  0.588000
720  0.770000
721  0.748000
722  0.617000
723  0.910000
724  0.946000
725  0.849000
726  0.940000
727  0.874000
728  0.856000
729  0.836000
730  0.809000
731  0.785000
732  0.765000
733  0.833000
734  0.795000
735  0.744000
736  0.842000
737  0.840000
738  0.852000
739  0.870000
740  0.863000
741  0.845000
742  0.848000
743  0.835000
744  0.546000
745  0.727000
746  0.782000
747  0.657000
748  0.842000
749  0.926000
750  0.893000
751  0.335000
752  0.329000
753  0.808000
754  0.915000
755  0.832000
756  0.706000
757  0.683000
758  0.776000
759  0.755000
760  0.715000
761  0.793000
762  0.744000
763  0.877000
764  0.876000
765  0.788000
766  0.822000
767  0.683000
768  0.756000
769  0.790000
770  0.658000
771  0.853000
772  0.913000
773  0.815000
774  0.891000
775  0.807000
776  0.877000
777  0.851000
778  0.856000
779  0.681000
780  0.675000
781  0.776000
782  0.772000
783  0.648000
784  0.778000
785  0.803000
786  0.774000
787  0.783000
788  0.619000
789  0.681000
790  0.798000
791  0.841000
792  0.672000
793  0.748000
794  0.811000
795  0.661000
796  0.830000
797  0.883000
798  0.825000
799  0.848000
800  0.813000
801  0.778000
802  0.871000
803  0.793000
804  0.714000
805  0.638000
806  0.754000
807  0.768000
808  0.662000
809  0.817000
810  0.802000
811  0.849000
812  0.154000
813  0.792000
814  0.811000
815  0.867000
816  0.620000
817  0.693000
818  0.691000
819  0.578000
820  0.851000
821  0.942000
822  0.790000
823  0.804000
824  0.862000
825  0.859000
826  0.872000
827  0.805000
828  0.746000
829  0.719000
830  0.824000
831  0.804000
832  0.742000
833  0.828000
834  0.808000
835  0.906000
836  0.935000
837  0.399000
838  0.818000
839  0.797000
840  0.811000
841  0.751000
842  0.790000
843  0.760000
844  0.757000
845  0.836000
846  0.831000
847  0.849000
848  0.520000
849  0.662000
850  0.807000
851  0.780000
852  0.843000
853  0.765000
854  0.729000
855  0.847000
856  0.795000
857  0.752000
858  0.825000
859  0.799000
860  0.814000
861  0.884000
862  0.437000
863  0.855000
864  0.773000
865  0.843000
866  0.757000
867  0.782000
868  0.725000
869  0.743000
870  0.784000
871  0.855000
872  0.786000
873  0.823000
874  0.860000
875  0.831000
876  0.649000
877  0.719000
878  0.734000
879  0.708000
880  0.833000
881  0.781000
882  0.740000
883  0.787000
884  0.791000
885  0.854000
886  0.846000
887  0.862000
888  0.675000
889  0.713000
890  0.733000
891  0.745000
892  0.787000
893  0.717000
894  0.741000
895  0.869000
896  0.847000
897  0.817000
898  0.867000
899  0.872000
900  0.872000
901  0.610000
902  0.666000
903  0.765000
904  0.747000
905  0.840000
906  0.798000
907  0.765000
908  0.830000
909  0.838000
910  0.869000
911  0.861000
912  0.849000
913  0.474000
914  0.749000
915  0.812000
916  0.772000
917  0.747000
918  0.719000
919  0.689000
920  0.882000
921  0.887000
922  0.787000
923  0.644000
924  0.218000
925  0.807000
926  0.869000
927  0.876000
928  0.783000
929  0.762000
930  0.800000
931  0.616000
932  0.766000
933  0.822000
934  0.523000
935  0.861000
936  0.856000
937  0.381000
938  0.911000
939  0.438000
940  0.474000
941  0.467000
942  0.406000
943  0.431000
944  0.449000
945  0.911000
946  0.844000
947  0.764000
948  0.888000
949  0.816000
950  0.835000
951  0.785000
952  0.816000
953  0.755000
954  0.765000
955  0.754000
956  0.718000
957  0.753000
958  0.813000
959  0.726000
960  0.871000
961  0.859000
962  0.187000
963  0.889000
964  0.799000
965  0.733000
966  0.570000
967  0.246000
968  0.199000
969  0.699000
970  0.783000
971  0.801000
972  0.630000
973  0.117000
974  0.814000
975  0.763000
976  0.827000
977  0.695000
978  0.636000
979  0.724000
980  0.748000
981  0.655000
982  0.809000
983  0.775000
984  0.835000
985  0.944000
986  0.828000
987  0.804000
988  0.684000
989  0.238000
990  0.191000
991  0.777000
992  0.891000
993  0.841000
994  0.788000
995  0.861000
996  0.846000
997  0.792000
998  0.747000
999  0.771000
1000  0.762000
1001  0.747000
1002  0.656000
1003  0.752000
1004  0.707000
1005  0.711000
1006  0.739000
1007  0.817000
1008  0.881000
1009  0.806000
1010  0.851000
1011  0.746000
1012  0.705000
1013  0.691000
1014  0.151000
1015  0.153000
1016  0.671000
1017  0.883000
1018  0.880000
1019  0.819000
1020  0.748000
1021  0.809000
1022  0.815000
1023  0.875000
1024  0.830000
1025  0.778000
1026  0.681000
1027  0.701000
1028  0.779000
1029  0.748000
1030  0.674000
1031  0.729000
1032  0.847000
1033  0.931000
1034  0.797000
1035  0.842000
1036  0.760000
1037  0.704000
1038  0.727000
1039  0.402000
1040  0.352000
1041  0.699000
1042  0.903000
1043  0.857000
1044  0.813000
1045  0.794000
1046  0.844000
1047  0.786000
1048  0.914000
1049  0.839000
1050  0.767000
1051  0.711000
1052  0.738000
1053  0.755000
1054  0.711000
1055  0.776000
1056  0.746000
1057  0.866000
1058  0.956000
1059  0.566000
1060  0.861000
1061  0.765000
1062  0.695000
1063  0.688000
1064  0.611000
1065  0.544000
1066  0.754000
1067  0.836000
1068  0.837000
1069  0.830000
1070  0.887000
1071  0.831000
1072  0.830000
1073  0.829000
1074  0.819000
1075  0.741000
1076  0.742000
1077  0.774000
1078  0.709000
1079  0.676000
1080  0.742000
1081  0.679000
1082  0.867000
1083  0.865000
1084  0.478000
1085  0.853000
1086  0.745000
1087  0.713000
1088  0.420000
1089  0.323000
1090  0.226000
1091  0.686000
1092  0.838000
1093  0.821000
1094  0.513000
1095  0.162000
1096  0.301000
1097  0.792000
1098  0.632000
1099  0.764000
1100  0.785000
1101  0.746000
1102  0.815000
1103  0.808000
1104  0.725000
1105  0.755000
1106  0.756000
1107  0.849000
1108  0.890000
1109  0.880000
1110  0.742000
1111  0.767000
1112  0.594000
1113  0.777000
1114  0.714000
1115  0.703000
1116  0.836000
1117  0.830000
1118  0.788000
1119  0.644000
1120  0.781000
1121  0.770000
1122  0.827000
1123  0.818000
1124  0.744000
1125  0.738000
1126  0.850000
1127  0.832000
1128  0.732000
1129  0.771000
1130  0.829000
1131  0.803000
1132  0.865000
1133  0.833000
1134  0.823000
1135  0.792000
1136  0.694000
1137  0.780000
1138  0.820000
1139  0.791000
1140  0.708000
1141  0.904000
1142  0.833000
1143  0.828000
1144  0.834000
1145  0.755000
1146  0.853000
1147  0.849000
1148  0.801000
1149  0.826000
1150  0.766000
1151  0.751000
1152  0.730000
1153  0.741000
1154  0.797000
1155  0.704000
1156  0.839000
1157  0.837000
1158  0.861000
1159  0.289000
1160  0.265000
1161  0.276000
1162  0.546000
1163  0.501000
1164  0.519000
1165  0.570000
1166  0.619000
1167  0.869000
1168  0.864000
1169  0.701000
1170  0.750000
1171  0.842000
1172  0.918000
1173  0.856000
1174  0.745000
1175  0.754000
1176  0.832000
1177  0.718000
1178  0.723000
1179  0.790000
1180  0.710000
1181  0.286000
1182  0.620000
1183  0.077000
1184  0.815000
1185  0.423000
1186  0.382000
1187  0.544000
1188  0.743000
1189  0.752000
1190  0.573000
1191  0.864000
1192  0.824000
1193  0.793000
1194  0.139000
1195  0.759000
1196  0.925000
1197  0.802000
1198  0.656000
1199  0.662000
1200  0.644000
1201  0.606000
1202  0.653000
1203  0.576000
1204  0.307000
1205  0.894000
1206  0.866000
1207  0.181000
1208  0.283000
1209  0.676000
1210  0.620000
1211  0.570000
1212  0.863000
1213  0.833000
1214  0.800000
1215  0.750000
1216  0.728000
1217  0.674000
1218  0.290000
1219  0.533000
1220  0.703000
1221  0.698000
1222  0.789000
1223  0.675000
1224  0.671000
1225  0.555000
1226  0.420000
1227  0.815000
1228  0.892000
1229  0.878000
1230  0.082000
1231  0.122000
1232  0.232000
1233  0.769000
1234  0.726000
1235  0.736000
1236  0.910000
1237  0.877000
1238  0.817000
1239  0.834000
1240  0.772000
1241  0.806000
1242  0.899000
1243  0.785000
1244  0.743000
1245  0.718000
1246  0.698000
1247  0.661000
1248  0.705000
1249  0.712000
1250  0.414000
1251  0.882000
1252  0.915000
1253  0.906000
1254  0.827000
1255  0.168000
1256  0.184000
1257  0.190000
1258  0.720000
1259  0.667000
1260  0.658000
1261  0.907000
1262  0.851000
1263  0.839000
1264  0.847000
1265  0.750000
1266  0.812000
1267  0.845000
1268  0.787000
1269  0.698000
1270  0.673000
1271  0.763000
1272  0.673000
1273  0.714000
1274  0.774000
1275  0.675000
1276  0.839000
1277  0.832000
1278  0.905000
1279  0.495000
1280  0.379000
1281  0.359000
1282  0.535000
1283  0.539000
1284  0.454000
1285  0.538000
1286  0.839000
1287  0.864000
1288  0.823000
1289  0.627000
1290  0.687000
1291  0.840000
1292  0.862000
1293  0.807000
1294  0.795000
1295  0.744000
1296  0.776000
1297  0.852000
1298  0.780000
1299  0.831000
1300  0.826000
1301  0.843000
1302  0.873000
1303  0.111000
1304  0.816000
1305  0.808000
1306  0.769000
1307  0.640000
1308  0.775000
1309  0.772000
1310  0.707000
1311  0.807000
1312  0.838000
1313  0.824000
1314  0.671000
1315  0.609000
1316  0.786000
1317  0.751000
1318  0.752000
1319  0.767000
1320  0.755000
1321  0.845000
1322  0.824000
1323  0.748000
1324  0.846000
1325  0.788000
1326  0.858000
1327  0.890000
1328  0.865000
1329  0.801000
1330  0.811000
1331  0.776000
1332  0.768000
1333  0.729000
1334  0.729000
1335  0.725000
1336  0.413000
1337  0.825000
1338  0.789000
1339  0.801000
1340  0.911000
1341  0.804000
1342  0.827000
1343  0.729000
1344  0.774000
1345  0.737000
1346  0.803000
1347  0.822000
1348  0.752000
1349  0.842000
1350  0.829000
1351  0.511000
1352  0.139000
1353  0.664000
1354  0.815000
1355  0.808000
1356  0.736000
1357  0.804000
1358  0.780000
1359  0.728000
1360  0.910000
1361  0.868000
1362  0.783000
1363  0.913000
1364  0.783000
1365  0.836000
1366  0.724000
1367  0.596000
1368  0.806000
1369  0.779000
1370  0.826000
1371  0.827000
1372  0.720000
1373  0.772000
1374  0.797000
1375  0.060000
1376  0.821000
1377  0.787000
1378  0.774000
1379  0.795000
1380  0.558000
1381  0.808000
1382  0.743000
1383  0.755000
1384  0.963000
1385  0.891000
1386  0.750000
1387  0.753000
1388  0.783000
1389  0.840000
1390  0.899000
1391  0.810000
1392  0.746000
1393  0.728000
1394  0.840000
1395  0.798000
1396  0.738000
1397  0.750000
1398  0.831000
1399  0.064000
1400  0.881000
1401  0.910000
1402  0.848000
1403  0.812000
1404  0.671000
1405  0.751000
1406  0.710000
1407  0.764000
1408  0.828000
1409  0.907000
1410  0.844000
1411  0.840000
1412  0.872000
1413  0.870000
1414  0.844000
1415  0.846000
1416  0.800000
1417  0.767000
1418  0.814000
1419  0.787000
1420  0.709000
1421  0.741000
1422  0.600000
1423  0.902000
1424  0.904000
1425  0.543000
1426  0.862000
1427  0.358000
1428  0.397000
1429  0.407000
1430  0.764000
1431  0.701000
1432  0.715000
1433  0.935000
1434  0.906000
1435  0.835000
1436  0.801000
1437  0.856000
1438  0.885000
1439  0.774000
1440  0.834000
1441  0.710000
1442  0.721000
1443  0.769000
1444  0.725000
1445  0.687000
1446  0.776000
1447  0.757000
1448  0.903000
1449  0.798000
1450  0.808000
1451  0.768000
1452  0.709000
1453  0.647000
1454  0.576000
1455  0.620000
1456  0.541000
1457  0.896000
1458  0.825000
1459  0.610000
1460  0.665000
1461  0.800000
1462  0.407000
1463  0.415000
1464  0.742000
1465  0.685000
1466  0.854000
1467  0.802000
1468  0.702000
1469  0.806000
1470  0.819000
1471  0.848000
1472  0.894000
1473  0.685000
1474  0.758000
1475  0.753000
1476  0.772000
1477  0.755000
1478  0.814000
1479  0.920000
1480  0.812000
1481  0.721000
1482  0.679000
1483  0.769000
1484  0.758000
1485  0.454000
1486  0.705000
1487  0.663000
1488  0.851000
1489  0.798000
1490  0.710000
1491  0.820000
1492  0.789000
1493  0.835000
1494  0.876000
1495  0.603000
1496  0.678000
1497  0.738000
1498  0.672000
1499  0.787000
1500  0.778000
1501  0.887000
1502  0.825000
1503  0.809000
1504  0.113000
1505  0.792000
1506  0.415000
1507  0.115000
1508  0.689000
1509  0.660000
1510  0.789000
1511  0.775000
1512  0.645000
1513  0.730000
1514  0.725000
1515  0.828000
1516  0.804000
1517  0.455000
1518  0.601000
1519  0.695000
1520  0.738000
1521  0.827000
1522  0.811000
1523  0.840000
1524  0.831000
1525  0.924000
1526  0.882000
1527  0.763000
1528  0.134000
1529  0.653000
1530  0.654000
1531  0.780000
1532  0.750000
1533  0.621000
1534  0.673000
1535  0.439000
1536  0.866000
1537  0.453000
1538  0.185000
1539  0.150000
1540  0.128000
1541  0.806000
1542  0.778000
1543  0.758000
1544  0.862000
1545  0.819000
1546  0.054000
1547  0.826000
1548  0.853000
1549  0.876000
1550  0.669000
1551  0.670000
1552  0.738000
1553  0.722000
1554  0.652000
1555  0.706000
1556  0.502000
1557  0.737000
1558  0.923000
1559  0.128000
1560  0.081000
1561  0.326000
1562  0.671000
1563  0.713000
1564  0.680000
1565  0.886000
1566  0.801000
1567  0.589000
1568  0.796000
1569  0.836000
1570  0.795000
1571  0.717000
1572  0.645000
1573  0.506000
1574  0.608000
1575  0.659000
1576  0.729000
1577  0.764000
1578  0.800000
1579  0.838000
1580  0.608000
1581  0.665000
1582  0.690000
1583  0.558000
1584  0.505000
1585  0.454000
1586  0.896000
1587  0.838000
1588  0.890000
1589  0.760000
1590  0.887000
1591  0.323000
1592  0.096000
1593  0.747000
1594  0.658000
1595  0.248000
1596  0.585000
1597  0.693000
1598  0.460000
1599  0.654000
1600  0.659000
1601  0.847000
1602  0.559000
1603  0.618000
1604  0.619000
1605  0.257000
1606  0.247000
1607  0.510000
1608  0.370000
1609  0.897000
1610  0.816000
1611  0.251000
1612  0.173000
1613  0.841000
1614  0.868000
1615  0.166000
1616  0.743000
1617  0.696000
1618  0.766000
1619  0.492000
1620  0.713000
1621  0.773000
1622  0.778000
1623  0.538000
1624  0.171000
1625  0.847000
1626  0.824000
1627  0.809000
1628  0.808000
1629  0.219000
1630  0.251000
1631  0.114000
1632  0.910000
1633  0.854000
1634  0.782000
1635  0.143000
1636  0.061000
1637  0.826000
1638  0.836000
1639  0.466000
1640  0.728000
1641  0.676000
1642  0.631000
1643  0.465000
1644  0.687000
1645  0.740000
1646  0.750000
1647  0.091000
1648  0.914000
1649  0.846000
1650  0.818000
1651  0.779000
1652  0.842000
1653  0.299000
1654  0.289000
1655  0.096000
1656  0.878000
1657  0.841000
1658  0.814000
1659  0.898000
1660  0.819000
1661  0.787000
1662  0.108000
1663  0.132000
1664  0.815000
1665  0.756000
1666  0.825000
1667  0.723000
1668  0.743000
1669  0.817000
1670  0.647000
1671  0.870000
1672  0.839000
1673  0.576000
1674  0.639000
1675  0.402000
1676  0.384000
1677  0.419000
1678  0.348000
1679  0.778000
1680  0.914000
1681  0.794000
1682  0.848000
1683  0.748000
1684  0.861000
1685  0.858000
1686  0.860000
1687  0.742000
1688  0.581000
1689  0.799000
1690  0.767000
1691  0.703000
1692  0.789000
1693  0.791000
1694  0.847000
1695  0.870000
1696  0.767000
1697  0.764000
1698  0.673000
1699  0.713000
1700  0.609000
1701  0.713000
1702  0.922000
1703  0.866000
1704  0.804000
1705  0.800000
1706  0.875000
1707  0.765000
1708  0.181000
1709  0.752000
1710  0.748000
1711  0.709000
1712  0.735000
1713  0.682000
1714  0.621000
1715  0.532000
1716  0.083000
1717  0.906000
1718  0.452000
1719  0.196000
1720  0.146000
1721  0.371000
1722  0.789000
1723  0.707000
1724  0.672000
1725  0.875000
1726  0.863000
1727  0.792000
1728  0.382000
1729  0.853000
1730  0.907000
1731  0.751000
1732  0.754000
1733  0.746000
1734  0.763000
1735  0.817000
1736  0.731000
1737  0.762000
1738  0.681000
1739  0.825000
1740  0.785000
1741  0.465000
1742  0.457000
1743  0.265000
1744  0.720000
1745  0.748000
1746  0.758000
1747  0.877000
1748  0.886000
1749  0.819000
1750  0.873000
1751  0.360000
1752  0.848000
1753  0.899000
1754  0.774000
1755  0.746000
1756  0.775000
1757  0.819000
1758  0.758000
1759  0.710000
1760  0.659000
1761  0.447000
1762  0.881000
1763  0.872000
1764  0.352000
1765  0.373000
1766  0.166000
1767  0.735000
1768  0.728000
1769  0.736000
