1  0.254000
2  0.763000
3  0.664000
4  0.254000
5  0.627000
6  0.696000
7  0.083000
8  0.058000
9  0.661000
10  0.606000
11  0.593000
12  0.711000
13  0.642000
14  0.639000
15  0.691000
16  0.054000
17  0.211000
18  0.639000
19  0.435000
20  0.410000
21  0.616000
22  0.275000
23  0.253000
24  0.633000
25  0.891000
26  0.814000
27  0.680000
28  0.809000
29  0.844000
30  0.718000
31  0.786000
32  0.841000
33  0.648000
34  0.612000
35  0.579000
36  0.675000
37  0.607000
38  0.603000
39  0.587000
40  0.905000
41  0.923000
42  0.791000
43  0.338000
44  0.329000
45  0.508000
46  0.214000
47  0.220000
48  0.618000
49  0.883000
50  0.827000
51  0.832000
52  0.825000
53  0.831000
54  0.841000
55  0.767000
56  0.766000
57  0.707000
58  0.673000
59  0.748000
60  0.764000
61  0.712000
62  0.790000
63  0.644000
64  0.864000
65  0.915000
66  0.828000
67  0.802000
68  0.487000
69  0.456000
70  0.364000
71  0.792000
72  0.731000
73  0.710000
74  0.851000
75  0.887000
76  0.812000
77  0.860000
78  0.836000
79  0.819000
80  0.827000
81  0.861000
82  0.786000
83  0.749000
84  0.801000
85  0.797000
86  0.703000
87  0.731000
88  0.734000
89  0.894000
90  0.916000
91  0.845000
92  0.857000
93  0.753000
94  0.766000
95  0.794000
96  0.784000
97  0.715000
98  0.758000
99  0.925000
100  0.811000
101  0.782000
102  0.769000
103  0.806000
104  0.779000
105  0.886000
106  0.780000
107  0.726000
108  0.669000
109  0.774000
110  0.820000
111  0.672000
112  0.745000
113  0.760000
114  0.858000
115  0.846000
116  0.893000
117  0.808000
118  0.753000
119  0.754000
120  0.808000
121  0.783000
122  0.716000
123  0.748000
124  0.840000
125  0.902000
126  0.821000
127  0.835000
128  0.806000
129  0.807000
130  0.798000
131  0.859000
132  0.714000
133  0.683000
134  0.779000
135  0.824000
136  0.685000
137  0.744000
138  0.764000
139  0.888000
140  0.889000
141  0.853000
142  0.895000
143  0.748000
144  0.766000
145  0.808000
146  0.782000
147  0.721000
148  0.743000
149  0.853000
150  0.892000
151  0.801000
152  0.791000
153  0.444000
154  0.852000
155  0.882000
156  0.642000
157  0.733000
158  0.684000
159  0.761000
160  0.817000
161  0.671000
162  0.750000
163  0.756000
164  0.892000
165  0.923000
166  0.787000
167  0.342000
168  0.750000
169  0.740000
170  0.762000
171  0.792000
172  0.713000
173  0.744000
174  0.793000
175  0.904000
176  0.773000
177  0.880000
178  0.632000
179  0.822000
180  0.811000
181  0.715000
182  0.701000
183  0.669000
184  0.756000
185  0.800000
186  0.667000
187  0.728000
188  0.750000
189  0.813000
190  0.882000
191  0.850000
192  0.906000
193  0.746000
194  0.723000
195  0.767000
196  0.767000
197  0.707000
198  0.676000
199  0.890000
200  0.919000
201  0.829000
202  0.553000
203  0.821000
204  0.750000
205  0.764000
206  0.744000
207  0.682000
208  0.748000
209  0.808000
210  0.687000
211  0.750000
212  0.763000
213  0.861000
214  0.906000
215  0.183000
216  0.905000
217  0.769000
218  0.754000
219  0.781000
220  0.790000
221  0.720000
222  0.709000
223  0.897000
224  0.892000
225  0.791000
226  0.828000
227  0.786000
228  0.762000
229  0.767000
230  0.528000
231  0.725000
232  0.699000
233  0.769000
234  0.799000
235  0.702000
236  0.740000
237  0.749000
238  0.816000
239  0.897000
240  0.838000
241  0.889000
242  0.770000
243  0.754000
244  0.791000
245  0.816000
246  0.728000
247  0.744000
248  0.885000
249  0.852000
250  0.788000
251  0.851000
252  0.733000
253  0.806000
254  0.877000
255  0.861000
256  0.694000
257  0.701000
258  0.771000
259  0.792000
260  0.704000
261  0.741000
262  0.745000
263  0.895000
264  0.935000
265  0.862000
266  0.889000
267  0.755000
268  0.749000
269  0.768000
270  0.795000
271  0.711000
272  0.709000
273  0.881000
274  0.899000
275  0.835000
276  0.571000
277  0.224000
278  0.818000
279  0.776000
280  0.702000
281  0.716000
282  0.683000
283  0.767000
284  0.782000
285  0.692000
286  0.738000
287  0.759000
288  0.838000
289  0.835000
290  0.876000
291  0.882000
292  0.757000
293  0.743000
294  0.785000
295  0.838000
296  0.740000
297  0.704000
298  0.885000
299  0.872000
300  0.816000
301  0.315000
302  0.418000
303  0.735000
304  0.214000
305  0.247000
306  0.726000
307  0.665000
308  0.731000
309  0.775000
310  0.677000
311  0.770000
312  0.760000
313  0.869000
314  0.928000
315  0.765000
316  0.884000
317  0.733000
318  0.727000
319  0.733000
320  0.824000
321  0.717000
322  0.674000
323  0.826000
324  0.804000
325  0.773000
326  0.863000
327  0.816000
328  0.731000
329  0.804000
330  0.812000
331  0.591000
332  0.591000
333  0.770000
334  0.834000
335  0.580000
336  0.754000
337  0.697000
338  0.810000
339  0.853000
340  0.735000
341  0.752000
342  0.536000
343  0.845000
344  0.717000
345  0.747000
346  0.786000
347  0.860000
348  0.805000
349  0.835000
350  0.810000
351  0.754000
352  0.869000
353  0.855000
354  0.663000
355  0.647000
356  0.792000
357  0.683000
358  0.663000
359  0.689000
360  0.488000
361  0.813000
362  0.804000
363  0.857000
364  0.825000
365  0.604000
366  0.525000
367  0.495000
368  0.803000
369  0.732000
370  0.269000
371  0.833000
372  0.909000
373  0.814000
374  0.801000
375  0.740000
376  0.830000
377  0.767000
378  0.664000
379  0.671000
380  0.635000
381  0.706000
382  0.722000
383  0.679000
384  0.767000
385  0.746000
386  0.847000
387  0.853000
388  0.779000
389  0.732000
390  0.795000
391  0.783000
392  0.580000
393  0.683000
394  0.732000
395  0.577000
396  0.883000
397  0.881000
398  0.793000
399  0.833000
400  0.785000
401  0.826000
402  0.829000
403  0.822000
404  0.721000
405  0.697000
406  0.693000
407  0.712000
408  0.724000
409  0.721000
410  0.744000
411  0.874000
412  0.880000
413  0.864000
414  0.576000
415  0.793000
416  0.770000
417  0.568000
418  0.657000
419  0.645000
420  0.627000
421  0.871000
422  0.908000
423  0.779000
424  0.824000
425  0.892000
426  0.762000
427  0.888000
428  0.835000
429  0.631000
430  0.623000
431  0.721000
432  0.768000
433  0.628000
434  0.781000
435  0.756000
436  0.823000
437  0.900000
438  0.873000
439  0.844000
440  0.814000
441  0.609000
442  0.717000
443  0.715000
444  0.724000
445  0.868000
446  0.902000
447  0.797000
448  0.823000
449  0.890000
450  0.759000
451  0.856000
452  0.833000
453  0.663000
454  0.645000
455  0.749000
456  0.739000
457  0.658000
458  0.776000
459  0.751000
460  0.797000
461  0.905000
462  0.116000
463  0.870000
464  0.840000
465  0.821000
466  0.587000
467  0.731000
468  0.733000
469  0.693000
470  0.892000
471  0.902000
472  0.791000
473  0.815000
474  0.889000
475  0.756000
476  0.867000
477  0.831000
478  0.675000
479  0.661000
480  0.764000
481  0.743000
482  0.661000
483  0.792000
484  0.757000
485  0.819000
486  0.905000
487  0.104000
488  0.873000
489  0.826000
490  0.820000
491  0.629000
492  0.735000
493  0.735000
494  0.709000
495  0.884000
496  0.903000
497  0.784000
498  0.854000
499  0.870000
500  0.763000
501  0.873000
502  0.843000
503  0.680000
504  0.675000
505  0.765000
506  0.739000
507  0.657000
508  0.767000
509  0.752000
510  0.806000
511  0.924000
512  0.866000
513  0.811000
514  0.801000
515  0.637000
516  0.711000
517  0.729000
518  0.727000
519  0.884000
520  0.903000
521  0.784000
522  0.854000
523  0.870000
524  0.763000
525  0.873000
526  0.843000
527  0.680000
528  0.675000
529  0.765000
530  0.739000
531  0.657000
532  0.767000
533  0.752000
534  0.806000
535  0.924000
536  0.866000
537  0.811000
538  0.801000
539  0.637000
540  0.711000
541  0.729000
542  0.727000
543  0.884000
544  0.903000
545  0.784000
546  0.854000
547  0.870000
548  0.763000
549  0.873000
550  0.843000
551  0.680000
552  0.675000
553  0.765000
554  0.739000
555  0.657000
556  0.767000
557  0.752000
558  0.806000
559  0.924000
560  0.866000
561  0.811000
562  0.801000
563  0.637000
564  0.711000
565  0.729000
566  0.727000
567  0.884000
568  0.903000
569  0.784000
570  0.854000
571  0.870000
572  0.763000
573  0.873000
574  0.843000
575  0.680000
576  0.675000
577  0.765000
578  0.739000
579  0.657000
580  0.767000
581  0.752000
582  0.806000
583  0.924000
584  0.866000
585  0.811000
586  0.801000
587  0.637000
588  0.711000
589  0.729000
590  0.727000
591  0.884000
592  0.903000
593  0.784000
594  0.854000
595  0.870000
596  0.763000
597  0.873000
598  0.843000
599  0.680000
600  0.675000
601  0.765000
602  0.739000
603  0.657000
604  0.767000
605  0.752000
606  0.806000
607  0.924000
608  0.866000
609  0.811000
610  0.801000
611  0.637000
612  0.711000
613  0.729000
614  0.727000
615  0.884000
616  0.903000
617  0.784000
618  0.854000
619  0.870000
620  0.763000
621  0.873000
622  0.843000
623  0.680000
624  0.675000
625  0.765000
626  0.739000
627  0.657000
628  0.767000
629  0.752000
630  0.806000
631  0.924000
632  0.866000
633  0.811000
634  0.801000
635  0.637000
636  0.711000
637  0.729000
638  0.727000
639  0.884000
640  0.903000
641  0.784000
642  0.854000
643  0.870000
644  0.763000
645  0.873000
646  0.843000
647  0.680000
648  0.675000
649  0.765000
650  0.739000
651  0.657000
652  0.767000
653  0.752000
654  0.806000
655  0.924000
656  0.866000
657  0.811000
658  0.801000
659  0.637000
660  0.711000
661  0.729000
662  0.727000
663  0.830000
664  0.887000
665  0.805000
666  0.872000
667  0.854000
668  0.846000
669  0.898000
670  0.847000
671  0.730000
672  0.710000
673  0.731000
674  0.849000
675  0.732000
676  0.791000
677  0.691000
678  0.882000
679  0.853000
680  0.826000
681  0.590000
682  0.738000
683  0.666000
684  0.715000
685  0.811000
686  0.894000
687  0.722000
688  0.851000
689  0.859000
690  0.822000
691  0.846000
692  0.863000
693  0.850000
694  0.822000
695  0.776000
696  0.737000
697  0.690000
698  0.719000
699  0.790000
700  0.699000
701  0.701000
702  0.805000
703  0.841000
704  0.912000
705  0.806000
706  0.803000
707  0.807000
708  0.795000
709  0.646000
710  0.739000
711  0.628000
712  0.625000
713  0.900000
714  0.871000
715  0.760000
716  0.825000
717  0.784000
718  0.777000
719  0.837000
720  0.828000
721  0.668000
722  0.669000
723  0.691000
724  0.785000
725  0.691000
726  0.717000
727  0.815000
728  0.867000
729  0.908000
730  0.769000
731  0.855000
732  0.830000
733  0.819000
734  0.682000
735  0.708000
736  0.599000
737  0.578000
738  0.871000
739  0.881000
740  0.818000
741  0.886000
742  0.818000
743  0.847000
744  0.872000
745  0.822000
746  0.727000
747  0.692000
748  0.691000
749  0.739000
750  0.729000
751  0.693000
752  0.812000
753  0.817000
754  0.891000
755  0.791000
756  0.802000
757  0.794000
758  0.775000
759  0.746000
760  0.710000
761  0.634000
762  0.648000
763  0.888000
764  0.888000
765  0.789000
766  0.843000
767  0.836000
768  0.857000
769  0.798000
770  0.729000
771  0.700000
772  0.706000
773  0.807000
774  0.771000
775  0.711000
776  0.825000
777  0.791000
778  0.886000
779  0.952000
780  0.850000
781  0.879000
782  0.784000
783  0.719000
784  0.754000
785  0.728000
786  0.682000
787  0.745000
788  0.892000
789  0.816000
790  0.766000
791  0.780000
792  0.732000
793  0.800000
794  0.919000
795  0.808000
796  0.773000
797  0.730000
798  0.766000
799  0.755000
800  0.720000
801  0.739000
802  0.784000
803  0.836000
804  0.927000
805  0.166000
806  0.892000
807  0.794000
808  0.732000
809  0.742000
810  0.745000
811  0.693000
812  0.708000
813  0.840000
814  0.798000
815  0.786000
816  0.854000
817  0.772000
818  0.801000
819  0.859000
820  0.865000
821  0.769000
822  0.712000
823  0.769000
824  0.756000
825  0.719000
826  0.761000
827  0.806000
828  0.910000
829  0.893000
830  0.592000
831  0.892000
832  0.800000
833  0.729000
834  0.797000
835  0.735000
836  0.678000
837  0.743000
838  0.827000
839  0.863000
840  0.784000
841  0.873000
842  0.846000
843  0.816000
844  0.627000
845  0.742000
846  0.745000
847  0.714000
848  0.778000
849  0.750000
850  0.694000
851  0.768000
852  0.791000
853  0.866000
854  0.869000
855  0.836000
856  0.876000
857  0.795000
858  0.740000
859  0.763000
860  0.740000
861  0.687000
862  0.760000
863  0.869000
864  0.858000
865  0.788000
866  0.846000
867  0.782000
868  0.753000
869  0.845000
870  0.687000
871  0.776000
872  0.715000
873  0.782000
874  0.761000
875  0.720000
876  0.763000
877  0.803000
878  0.831000
879  0.877000
880  0.796000
881  0.863000
882  0.797000
883  0.743000
884  0.774000
885  0.740000
886  0.691000
887  0.790000
888  0.859000
889  0.885000
890  0.762000
891  0.421000
892  0.672000
893  0.821000
894  0.852000
895  0.807000
896  0.749000
897  0.710000
898  0.816000
899  0.751000
900  0.746000
901  0.781000
902  0.766000
903  0.875000
904  0.871000
905  0.857000
906  0.828000
907  0.783000
908  0.739000
909  0.749000
910  0.733000
911  0.670000
912  0.738000
913  0.902000
914  0.879000
915  0.811000
916  0.729000
917  0.774000
918  0.802000
919  0.661000
920  0.765000
921  0.754000
922  0.699000
923  0.794000
924  0.765000
925  0.739000
926  0.809000
927  0.769000
928  0.920000
929  0.818000
930  0.885000
931  0.652000
932  0.776000
933  0.744000
934  0.748000
935  0.730000
936  0.669000
937  0.740000
938  0.890000
939  0.867000
940  0.799000
941  0.476000
942  0.746000
943  0.795000
944  0.773000
945  0.654000
946  0.740000
947  0.727000
948  0.813000
949  0.744000
950  0.704000
951  0.807000
952  0.772000
953  0.760000
954  0.899000
955  0.435000
956  0.877000
957  0.778000
958  0.742000
959  0.715000
960  0.728000
961  0.681000
962  0.759000
963  0.893000
964  0.892000
965  0.795000
966  0.859000
967  0.883000
968  0.787000
969  0.797000
970  0.770000
971  0.724000
972  0.719000
973  0.819000
974  0.739000
975  0.736000
976  0.808000
977  0.777000
978  0.872000
979  0.878000
980  0.863000
981  0.775000
982  0.746000
983  0.746000
984  0.722000
985  0.675000
986  0.753000
987  0.907000
988  0.906000
989  0.782000
990  0.838000
991  0.805000
992  0.816000
993  0.666000
994  0.728000
995  0.751000
996  0.713000
997  0.794000
998  0.740000
999  0.704000
1000  0.764000
1001  0.753000
1002  0.917000
1003  0.895000
1004  0.815000
1005  0.078000
1006  0.769000
1007  0.737000
1008  0.746000
1009  0.733000
1010  0.678000
1011  0.750000
1012  0.913000
1013  0.865000
1014  0.837000
1015  0.840000
1016  0.858000
1017  0.799000
1018  0.845000
1019  0.849000
1020  0.762000
1021  0.696000
1022  0.799000
1023  0.746000
1024  0.712000
1025  0.742000
1026  0.743000
1027  0.900000
1028  0.873000
1029  0.813000
1030  0.768000
1031  0.780000
1032  0.752000
1033  0.743000
1034  0.726000
1035  0.674000
1036  0.763000
1037  0.843000
1038  0.877000
1039  0.793000
1040  0.829000
1041  0.797000
1042  0.845000
1043  0.243000
1044  0.623000
1045  0.728000
1046  0.738000
1047  0.836000
1048  0.743000
1049  0.713000
1050  0.795000
1051  0.754000
1052  0.935000
1053  0.926000
1054  0.811000
1055  0.895000
1056  0.775000
1057  0.744000
1058  0.731000
1059  0.734000
1060  0.674000
1061  0.752000
1062  0.909000
1063  0.880000
1064  0.780000
1065  0.450000
1066  0.635000
1067  0.839000
1068  0.904000
1069  0.802000
1070  0.740000
1071  0.685000
1072  0.804000
1073  0.748000
1074  0.728000
1075  0.775000
1076  0.760000
1077  0.857000
1078  0.882000
1079  0.853000
1080  0.498000
1081  0.752000
1082  0.734000
1083  0.709000
1084  0.741000
1085  0.681000
1086  0.747000
1087  0.910000
1088  0.862000
1089  0.789000
1090  0.732000
1091  0.825000
1092  0.825000
1093  0.269000
1094  0.578000
1095  0.743000
1096  0.716000
1097  0.834000
1098  0.747000
1099  0.713000
1100  0.815000
1101  0.772000
1102  0.901000
1103  0.864000
1104  0.850000
1105  0.794000
1106  0.690000
1107  0.756000
1108  0.744000
1109  0.676000
1110  0.727000
1111  0.914000
1112  0.765000
1113  0.853000
1114  0.833000
1115  0.803000
1116  0.730000
1117  0.733000
1118  0.108000
1119  0.614000
1120  0.657000
1121  0.707000
1122  0.734000
1123  0.434000
1124  0.629000
1125  0.643000
1126  0.888000
1127  0.269000
1128  0.888000
1129  0.632000
1130  0.718000
1131  0.698000
1132  0.797000
1133  0.124000
1134  0.799000
1135  0.723000
1136  0.806000
1137  0.795000
1138  0.709000
1139  0.827000
1140  0.813000
1141  0.569000
1142  0.554000
1143  0.685000
1144  0.617000
1145  0.559000
1146  0.703000
1147  0.711000
1148  0.356000
1149  0.868000
1150  0.114000
1151  0.465000
1152  0.446000
1153  0.580000
1154  0.398000
1155  0.379000
1156  0.577000
1157  0.876000
1158  0.796000
1159  0.663000
1160  0.669000
1161  0.787000
1162  0.777000
1163  0.863000
1164  0.674000
1165  0.629000
1166  0.732000
1167  0.647000
1168  0.628000
1169  0.595000
1170  0.700000
1171  0.853000
1172  0.849000
1173  0.710000
1174  0.775000
1175  0.458000
1176  0.437000
1177  0.643000
1178  0.323000
1179  0.296000
1180  0.542000
1181  0.877000
1182  0.862000
1183  0.753000
1184  0.822000
1185  0.795000
1186  0.708000
1187  0.867000
1188  0.802000
1189  0.634000
1190  0.617000
1191  0.729000
1192  0.626000
1193  0.587000
1194  0.630000
1195  0.705000
1196  0.866000
1197  0.912000
1198  0.801000
1199  0.286000
1200  0.259000
1201  0.628000
1202  0.334000
1203  0.288000
1204  0.517000
1205  0.932000
1206  0.708000
1207  0.733000
1208  0.832000
1209  0.652000
1210  0.638000
1211  0.804000
1212  0.715000
1213  0.588000
1214  0.547000
1215  0.680000
1216  0.621000
1217  0.502000
1218  0.565000
1219  0.684000
1220  0.841000
1221  0.826000
1222  0.862000
1223  0.073000
1224  0.360000
1225  0.310000
1226  0.610000
1227  0.299000
1228  0.264000
1229  0.580000
1230  0.860000
1231  0.876000
1232  0.758000
1233  0.806000
1234  0.693000
1235  0.817000
1236  0.839000
1237  0.833000
1238  0.625000
1239  0.575000
1240  0.704000
1241  0.620000
1242  0.592000
1243  0.499000
1244  0.692000
1245  0.880000
1246  0.820000
1247  0.862000
1248  0.829000
1249  0.420000
1250  0.384000
1251  0.601000
1252  0.339000
1253  0.284000
1254  0.552000
1255  0.897000
1256  0.896000
1257  0.784000
1258  0.898000
1259  0.846000
1260  0.860000
1261  0.774000
1262  0.842000
1263  0.670000
1264  0.615000
1265  0.725000
1266  0.798000
1267  0.686000
1268  0.739000
1269  0.729000
1270  0.906000
1271  0.914000
1272  0.833000
1273  0.718000
1274  0.763000
1275  0.705000
1276  0.716000
1277  0.746000
1278  0.605000
1279  0.681000
1280  0.881000
1281  0.872000
1282  0.762000
1283  0.811000
1284  0.821000
1285  0.847000
1286  0.770000
1287  0.844000
1288  0.735000
1289  0.696000
1290  0.768000
1291  0.798000
1292  0.700000
1293  0.708000
1294  0.780000
1295  0.871000
1296  0.934000
1297  0.877000
1298  0.849000
1299  0.753000
1300  0.781000
1301  0.786000
1302  0.726000
1303  0.702000
1304  0.760000
1305  0.893000
1306  0.870000
1307  0.825000
1308  0.492000
1309  0.510000
1310  0.761000
1311  0.795000
1312  0.777000
1313  0.715000
1314  0.713000
1315  0.751000
1316  0.799000
1317  0.703000
1318  0.705000
1319  0.760000
1320  0.872000
1321  0.869000
1322  0.877000
1323  0.746000
1324  0.745000
1325  0.764000
1326  0.759000
1327  0.732000
1328  0.711000
1329  0.757000
1330  0.845000
1331  0.915000
1332  0.863000
1333  0.723000
1334  0.731000
1335  0.777000
1336  0.645000
1337  0.545000
1338  0.696000
1339  0.676000
1340  0.756000
1341  0.805000
1342  0.646000
1343  0.655000
1344  0.788000
1345  0.803000
1346  0.864000
1347  0.800000
1348  0.821000
1349  0.743000
1350  0.784000
1351  0.728000
1352  0.708000
1353  0.690000
1354  0.737000
1355  0.815000
1356  0.888000
1357  0.827000
1358  0.731000
1359  0.849000
1360  0.828000
1361  0.434000
1362  0.787000
1363  0.728000
1364  0.709000
1365  0.752000
1366  0.813000
1367  0.715000
1368  0.714000
1369  0.777000
1370  0.887000
1371  0.888000
1372  0.868000
1373  0.783000
1374  0.744000
1375  0.763000
1376  0.695000
1377  0.692000
1378  0.749000
1379  0.907000
1380  0.892000
1381  0.763000
1382  0.791000
1383  0.845000
1384  0.797000
1385  0.799000
1386  0.788000
1387  0.739000
1388  0.703000
1389  0.740000
1390  0.795000
1391  0.709000
1392  0.718000
1393  0.784000
1394  0.875000
1395  0.908000
1396  0.909000
1397  0.835000
1398  0.787000
1399  0.744000
1400  0.772000
1401  0.736000
1402  0.720000
1403  0.744000
1404  0.878000
1405  0.826000
1406  0.625000
1407  0.247000
1408  0.566000
1409  0.817000
1410  0.765000
1411  0.784000
1412  0.692000
1413  0.672000
1414  0.724000
1415  0.804000
1416  0.687000
1417  0.725000
1418  0.779000
1419  0.919000
1420  0.911000
1421  0.808000
1422  0.790000
1423  0.743000
1424  0.743000
1425  0.748000
1426  0.718000
1427  0.699000
1428  0.911000
1429  0.901000
1430  0.839000
1431  0.871000
1432  0.805000
1433  0.773000
1434  0.842000
1435  0.809000
1436  0.764000
1437  0.709000
1438  0.734000
1439  0.809000
1440  0.711000
1441  0.715000
1442  0.779000
1443  0.940000
1444  0.916000
1445  0.856000
1446  0.760000
1447  0.727000
1448  0.746000
1449  0.716000
1450  0.694000
1451  0.685000
1452  0.923000
1453  0.859000
1454  0.778000
1455  0.834000
1456  0.827000
1457  0.765000
1458  0.837000
1459  0.852000
1460  0.745000
1461  0.710000
1462  0.738000
1463  0.792000
1464  0.696000
1465  0.704000
1466  0.776000
1467  0.934000
1468  0.893000
1469  0.847000
1470  0.782000
1471  0.736000
1472  0.731000
1473  0.714000
1474  0.690000
1475  0.673000
1476  0.876000
1477  0.904000
1478  0.811000
1479  0.874000
1480  0.829000
1481  0.803000
1482  0.626000
1483  0.754000
1484  0.751000
1485  0.692000
1486  0.764000
1487  0.762000
1488  0.703000
1489  0.684000
1490  0.752000
1491  0.871000
1492  0.808000
1493  0.863000
1494  0.052000
1495  0.728000
1496  0.724000
1497  0.684000
1498  0.736000
1499  0.675000
1500  0.708000
1501  0.881000
1502  0.815000
1503  0.805000
1504  0.850000
1505  0.691000
1506  0.827000
1507  0.555000
1508  0.582000
1509  0.762000
1510  0.703000
1511  0.753000
1512  0.761000
1513  0.712000
1514  0.708000
1515  0.742000
1516  0.828000
1517  0.878000
1518  0.891000
1519  0.139000
1520  0.754000
1521  0.752000
1522  0.762000
1523  0.744000
1524  0.683000
1525  0.734000
1526  0.853000
1527  0.912000
1528  0.841000
1529  0.805000
1530  0.752000
1531  0.805000
1532  0.653000
1533  0.727000
1534  0.744000
1535  0.706000
1536  0.781000
1537  0.739000
1538  0.701000
1539  0.688000
1540  0.742000
1541  0.890000
1542  0.903000
1543  0.857000
1544  0.881000
1545  0.738000
1546  0.722000
1547  0.734000
1548  0.737000
1549  0.689000
1550  0.703000
1551  0.936000
1552  0.664000
1553  0.512000
1554  0.832000
1555  0.874000
1556  0.760000
1557  0.572000
1558  0.432000
1559  0.416000
1560  0.628000
1561  0.605000
1562  0.667000
1563  0.681000
1564  0.780000
1565  0.935000
1566  0.949000
1567  0.669000
1568  0.657000
1569  0.692000
1570  0.703000
1571  0.581000
1572  0.128000
1573  0.874000
1574  0.802000
1575  0.789000
1576  0.919000
1577  0.626000
1578  0.816000
1579  0.809000
1580  0.841000
1581  0.632000
1582  0.563000
1583  0.617000
1584  0.445000
1585  0.575000
1586  0.630000
1587  0.591000
1588  0.528000
1589  0.898000
1590  0.782000
1591  0.435000
1592  0.381000
1593  0.519000
1594  0.424000
1595  0.076000
1596  0.889000
1597  0.807000
1598  0.845000
1599  0.675000
1600  0.727000
1601  0.085000
1602  0.660000
1603  0.610000
1604  0.652000
1605  0.745000
1606  0.596000
1607  0.663000
1608  0.687000
1609  0.229000
1610  0.857000
1611  0.822000
1612  0.376000
1613  0.398000
1614  0.560000
1615  0.227000
1616  0.186000
1617  0.738000
1618  0.852000
1619  0.830000
1620  0.731000
1621  0.323000
1622  0.714000
1623  0.729000
1624  0.661000
1625  0.744000
1626  0.597000
1627  0.543000
1628  0.557000
1629  0.673000
1630  0.567000
1631  0.639000
1632  0.660000
1633  0.857000
1634  0.919000
1635  0.527000
1636  0.845000
1637  0.411000
1638  0.402000
1639  0.532000
1640  0.199000
1641  0.179000
1642  0.574000
1643  0.801000
1644  0.800000
1645  0.739000
1646  0.779000
1647  0.724000
1648  0.737000
1649  0.712000
1650  0.755000
1651  0.706000
1652  0.686000
1653  0.658000
1654  0.719000
1655  0.652000
1656  0.722000
1657  0.694000
1658  0.757000
1659  0.819000
1660  0.100000
1661  0.897000
1662  0.432000
1663  0.442000
1664  0.643000
1665  0.371000
1666  0.365000
1667  0.593000
