1  0.836000
2  0.880000
3  0.797000
4  0.815000
5  0.829000
6  0.838000
7  0.855000
8  0.759000
9  0.674000
10  0.647000
11  0.766000
12  0.743000
13  0.692000
14  0.773000
15  0.785000
16  0.921000
17  0.917000
18  0.873000
19  0.879000
20  0.759000
21  0.808000
22  0.640000
23  0.717000
24  0.769000
25  0.701000
26  0.913000
27  0.864000
28  0.800000
29  0.894000
30  0.891000
31  0.835000
32  0.845000
33  0.858000
34  0.705000
35  0.678000
36  0.783000
37  0.757000
38  0.734000
39  0.778000
40  0.792000
41  0.829000
42  0.884000
43  0.792000
44  0.818000
45  0.761000
46  0.824000
47  0.663000
48  0.684000
49  0.718000
50  0.645000
51  0.932000
52  0.858000
53  0.827000
54  0.360000
55  0.676000
56  0.832000
57  0.812000
58  0.841000
59  0.699000
60  0.651000
61  0.738000
62  0.745000
63  0.679000
64  0.797000
65  0.782000
66  0.815000
67  0.877000
68  0.891000
69  0.771000
70  0.816000
71  0.665000
72  0.735000
73  0.785000
74  0.702000
75  0.810000
76  0.947000
77  0.857000
78  0.827000
79  0.801000
80  0.840000
81  0.872000
82  0.795000
83  0.698000
84  0.645000
85  0.764000
86  0.754000
87  0.702000
88  0.813000
89  0.788000
90  0.827000
91  0.787000
92  0.674000
93  0.795000
94  0.794000
95  0.795000
96  0.646000
97  0.739000
98  0.827000
99  0.745000
100  0.883000
101  0.866000
102  0.780000
103  0.759000
104  0.889000
105  0.821000
106  0.849000
107  0.799000
108  0.814000
109  0.775000
110  0.817000
111  0.795000
112  0.790000
113  0.815000
114  0.794000
115  0.866000
116  0.887000
117  0.886000
118  0.794000
119  0.820000
120  0.781000
121  0.743000
122  0.723000
123  0.753000
124  0.817000
125  0.895000
126  0.778000
127  0.792000
128  0.834000
129  0.789000
130  0.866000
131  0.837000
132  0.793000
133  0.732000
134  0.829000
135  0.794000
136  0.783000
137  0.831000
138  0.797000
139  0.923000
140  0.883000
141  0.915000
142  0.784000
143  0.807000
144  0.785000
145  0.747000
146  0.721000
147  0.764000
148  0.833000
149  0.898000
150  0.786000
151  0.785000
152  0.833000
153  0.808000
154  0.865000
155  0.786000
156  0.785000
157  0.736000
158  0.841000
159  0.804000
160  0.760000
161  0.844000
162  0.841000
163  0.928000
164  0.883000
165  0.204000
166  0.916000
167  0.782000
168  0.793000
169  0.776000
170  0.753000
171  0.728000
172  0.758000
173  0.859000
174  0.901000
175  0.832000
176  0.859000
177  0.846000
178  0.797000
179  0.792000
180  0.850000
181  0.716000
182  0.700000
183  0.818000
184  0.811000
185  0.731000
186  0.832000
187  0.825000
188  0.893000
189  0.934000
190  0.819000
191  0.844000
192  0.754000
193  0.740000
194  0.774000
195  0.736000
196  0.721000
197  0.753000
198  0.838000
199  0.840000
200  0.836000
201  0.736000
202  0.766000
203  0.850000
204  0.824000
205  0.826000
206  0.788000
207  0.750000
208  0.822000
209  0.825000
210  0.785000
211  0.814000
212  0.789000
213  0.904000
214  0.955000
215  0.818000
216  0.862000
217  0.770000
218  0.768000
219  0.728000
220  0.742000
221  0.724000
222  0.751000
223  0.913000
224  0.861000
225  0.776000
226  0.793000
227  0.854000
228  0.769000
229  0.871000
230  0.853000
231  0.773000
232  0.769000
233  0.801000
234  0.762000
235  0.751000
236  0.789000
237  0.696000
238  0.842000
239  0.887000
240  0.111000
241  0.868000
242  0.582000
243  0.630000
244  0.479000
245  0.826000
246  0.752000
247  0.751000
248  0.931000
249  0.883000
250  0.766000
251  0.880000
252  0.799000
253  0.848000
254  0.831000
255  0.811000
256  0.817000
257  0.785000
258  0.794000
259  0.759000
260  0.737000
261  0.838000
262  0.753000
263  0.777000
264  0.902000
265  0.911000
266  0.728000
267  0.708000
268  0.648000
269  0.527000
270  0.484000
271  0.759000
272  0.864000
273  0.867000
274  0.798000
275  0.885000
276  0.738000
277  0.820000
278  0.768000
279  0.109000
280  0.717000
281  0.702000
282  0.764000
283  0.718000
284  0.659000
285  0.642000
286  0.703000
287  0.806000
288  0.899000
289  0.730000
290  0.702000
291  0.584000
292  0.205000
293  0.204000
294  0.738000
295  0.858000
296  0.826000
297  0.736000
298  0.241000
299  0.605000
300  0.806000
301  0.853000
302  0.805000
303  0.756000
304  0.701000
305  0.737000
306  0.781000
307  0.702000
308  0.781000
309  0.761000
310  0.905000
311  0.905000
312  0.737000
313  0.876000
314  0.749000
315  0.720000
316  0.692000
317  0.801000
318  0.715000
319  0.746000
320  0.946000
321  0.865000
322  0.765000
323  0.820000
324  0.726000
325  0.814000
326  0.818000
327  0.718000
328  0.767000
329  0.713000
330  0.772000
331  0.771000
332  0.735000
333  0.769000
334  0.721000
335  0.861000
336  0.921000
337  0.783000
338  0.915000
339  0.758000
340  0.726000
341  0.677000
342  0.805000
343  0.743000
344  0.752000
345  0.648000
346  0.896000
347  0.775000
348  0.857000
349  0.819000
350  0.859000
351  0.883000
352  0.826000
353  0.739000
354  0.759000
355  0.806000
356  0.692000
357  0.725000
358  0.791000
359  0.802000
360  0.567000
361  0.793000
362  0.887000
363  0.833000
364  0.768000
365  0.497000
366  0.482000
367  0.438000
368  0.633000
369  0.869000
370  0.831000
371  0.861000
372  0.821000
373  0.837000
374  0.855000
375  0.876000
376  0.798000
377  0.714000
378  0.735000
379  0.762000
380  0.705000
381  0.674000
382  0.720000
383  0.692000
384  0.925000
385  0.875000
386  0.826000
387  0.899000
388  0.756000
389  0.684000
390  0.424000
391  0.106000
392  0.634000
393  0.914000
394  0.849000
395  0.786000
396  0.848000
397  0.738000
398  0.877000
399  0.903000
400  0.807000
401  0.745000
402  0.719000
403  0.823000
404  0.794000
405  0.705000
406  0.838000
407  0.703000
408  0.878000
409  0.906000
410  0.059000
411  0.880000
412  0.732000
413  0.683000
414  0.585000
415  0.771000
416  0.763000
417  0.708000
418  0.871000
419  0.840000
420  0.825000
421  0.819000
422  0.815000
423  0.913000
424  0.744000
425  0.810000
426  0.770000
427  0.745000
428  0.784000
429  0.797000
430  0.762000
431  0.848000
432  0.780000
433  0.905000
434  0.891000
435  0.922000
436  0.881000
437  0.796000
438  0.796000
439  0.759000
440  0.775000
441  0.796000
442  0.759000
443  0.842000
444  0.884000
445  0.744000
446  0.597000
447  0.769000
448  0.775000
449  0.375000
450  0.793000
451  0.760000
452  0.838000
453  0.808000
454  0.780000
455  0.878000
456  0.826000
457  0.885000
458  0.894000
459  0.791000
460  0.776000
461  0.792000
462  0.794000
463  0.713000
464  0.724000
465  0.720000
466  0.768000
467  0.873000
468  0.838000
469  0.856000
470  0.742000
471  0.665000
472  0.896000
473  0.841000
474  0.820000
475  0.795000
476  0.755000
477  0.855000
478  0.820000
479  0.776000
480  0.779000
481  0.825000
482  0.857000
483  0.857000
484  0.830000
485  0.756000
486  0.836000
487  0.812000
488  0.723000
489  0.815000
490  0.698000
491  0.699000
492  0.788000
493  0.820000
494  0.827000
495  0.686000
496  0.629000
497  0.816000
498  0.795000
499  0.700000
500  0.731000
501  0.679000
502  0.753000
503  0.699000
504  0.744000
505  0.800000
506  0.595000
507  0.819000
508  0.792000
509  0.844000
510  0.487000
511  0.345000
512  0.340000
513  0.369000
514  0.517000
515  0.402000
516  0.549000
517  0.779000
518  0.830000
519  0.799000
520  0.530000
521  0.519000
522  0.787000
523  0.801000
524  0.081000
525  0.701000
526  0.688000
527  0.807000
528  0.664000
529  0.667000
530  0.747000
531  0.541000
532  0.796000
533  0.841000
534  0.674000
535  0.554000
536  0.143000
537  0.588000
538  0.540000
539  0.620000
540  0.784000
541  0.885000
542  0.833000
543  0.890000
544  0.578000
545  0.799000
546  0.892000
547  0.688000
548  0.685000
549  0.695000
550  0.714000
551  0.704000
552  0.641000
553  0.441000
554  0.297000
555  0.785000
556  0.819000
557  0.161000
558  0.180000
559  0.123000
560  0.728000
561  0.693000
562  0.725000
563  0.873000
564  0.886000
565  0.796000
566  0.665000
567  0.634000
568  0.869000
569  0.899000
570  0.787000
571  0.728000
572  0.692000
573  0.813000
574  0.097000
575  0.688000
576  0.629000
577  0.274000
578  0.935000
579  0.890000
580  0.866000
581  0.815000
582  0.078000
583  0.155000
584  0.915000
585  0.903000
586  0.855000
587  0.626000
588  0.722000
589  0.818000
590  0.919000
591  0.793000
592  0.757000
593  0.708000
594  0.892000
595  0.656000
596  0.716000
597  0.775000
598  0.635000
599  0.915000
600  0.864000
601  0.748000
602  0.890000
603  0.201000
604  0.192000
605  0.431000
606  0.701000
607  0.715000
608  0.484000
609  0.925000
610  0.841000
611  0.828000
612  0.861000
613  0.828000
614  0.849000
615  0.859000
616  0.840000
617  0.704000
618  0.663000
619  0.704000
620  0.691000
621  0.716000
622  0.781000
623  0.714000
624  0.876000
625  0.923000
626  0.890000
627  0.335000
628  0.152000
629  0.168000
630  0.592000
631  0.588000
632  0.628000
633  0.420000
634  0.849000
635  0.880000
636  0.830000
637  0.817000
638  0.854000
639  0.838000
640  0.805000
641  0.711000
642  0.777000
643  0.739000
644  0.830000
645  0.791000
646  0.707000
647  0.790000
648  0.802000
649  0.823000
650  0.827000
651  0.816000
652  0.853000
653  0.858000
654  0.684000
655  0.739000
656  0.691000
657  0.681000
658  0.904000
659  0.844000
660  0.747000
661  0.745000
662  0.336000
663  0.768000
664  0.744000
665  0.705000
666  0.821000
667  0.784000
668  0.863000
669  0.776000
670  0.795000
671  0.818000
672  0.828000
673  0.867000
674  0.840000
675  0.280000
676  0.923000
677  0.847000
678  0.815000
679  0.746000
680  0.801000
681  0.765000
682  0.743000
683  0.865000
684  0.865000
685  0.827000
686  0.881000
687  0.903000
688  0.800000
689  0.838000
690  0.664000
691  0.784000
692  0.776000
693  0.743000
694  0.813000
695  0.728000
696  0.796000
697  0.823000
698  0.946000
699  0.270000
700  0.865000
701  0.854000
702  0.781000
703  0.763000
704  0.841000
705  0.799000
706  0.612000
707  0.930000
708  0.931000
709  0.869000
710  0.872000
711  0.808000
712  0.853000
713  0.901000
714  0.817000
715  0.759000
716  0.760000
717  0.755000
718  0.838000
719  0.761000
720  0.826000
721  0.790000
722  0.877000
723  0.769000
724  0.846000
725  0.862000
726  0.783000
727  0.778000
728  0.779000
729  0.790000
730  0.632000
731  0.883000
732  0.881000
733  0.831000
734  0.799000
735  0.747000
736  0.811000
737  0.852000
738  0.823000
739  0.806000
740  0.761000
741  0.871000
742  0.803000
743  0.712000
744  0.734000
745  0.866000
746  0.484000
747  0.869000
748  0.825000
749  0.805000
750  0.804000
751  0.617000
752  0.808000
753  0.748000
754  0.760000
755  0.881000
756  0.862000
757  0.838000
758  0.895000
759  0.859000
760  0.873000
761  0.869000
762  0.809000
763  0.732000
764  0.728000
765  0.854000
766  0.809000
767  0.743000
768  0.800000
769  0.866000
770  0.757000
771  0.917000
772  0.933000
773  0.809000
774  0.801000
775  0.624000
776  0.826000
777  0.737000
778  0.753000
779  0.867000
780  0.818000
781  0.841000
782  0.787000
783  0.708000
784  0.789000
785  0.826000
786  0.809000
787  0.766000
788  0.715000
789  0.759000
790  0.830000
791  0.705000
792  0.778000
793  0.775000
794  0.863000
795  0.343000
796  0.903000
797  0.530000
798  0.522000
799  0.689000
800  0.726000
801  0.682000
802  0.661000
803  0.098000
804  0.863000
805  0.731000
806  0.808000
807  0.720000
808  0.757000
809  0.311000
810  0.307000
811  0.694000
812  0.656000
813  0.793000
814  0.784000
815  0.666000
816  0.717000
817  0.670000
818  0.169000
819  0.709000
820  0.107000
821  0.499000
822  0.541000
823  0.620000
824  0.735000
825  0.723000
826  0.752000
827  0.898000
828  0.830000
829  0.888000
830  0.765000
831  0.797000
832  0.860000
833  0.818000
834  0.756000
835  0.730000
836  0.897000
837  0.798000
838  0.743000
839  0.820000
840  0.768000
841  0.817000
842  0.835000
843  0.629000
844  0.740000
845  0.685000
846  0.763000
847  0.838000
848  0.801000
849  0.850000
850  0.774000
851  0.501000
852  0.475000
853  0.817000
854  0.135000
855  0.055000
856  0.761000
857  0.725000
858  0.847000
859  0.799000
860  0.732000
861  0.828000
862  0.760000
863  0.878000
864  0.860000
865  0.677000
866  0.741000
867  0.695000
868  0.775000
869  0.860000
870  0.798000
871  0.863000
872  0.853000
873  0.846000
874  0.221000
875  0.864000
876  0.781000
877  0.785000
878  0.728000
879  0.662000
880  0.808000
881  0.765000
882  0.719000
883  0.757000
884  0.753000
885  0.888000
886  0.914000
887  0.455000
888  0.404000
889  0.485000
890  0.743000
891  0.772000
892  0.755000
893  0.800000
894  0.844000
895  0.936000
896  0.856000
897  0.623000
898  0.069000
899  0.391000
900  0.692000
901  0.685000
902  0.814000
903  0.723000
904  0.626000
905  0.711000
906  0.565000
907  0.089000
908  0.881000
909  0.251000
910  0.165000
911  0.133000
912  0.423000
913  0.773000
914  0.798000
915  0.727000
916  0.906000
917  0.834000
918  0.231000
919  0.064000
920  0.822000
921  0.701000
922  0.546000
923  0.689000
924  0.723000
925  0.814000
926  0.733000
927  0.676000
928  0.696000
929  0.656000
930  0.710000
931  0.861000
932  0.200000
933  0.145000
934  0.486000
935  0.759000
936  0.742000
937  0.665000
938  0.851000
939  0.841000
940  0.102000
941  0.845000
942  0.848000
943  0.818000
944  0.712000
945  0.740000
946  0.834000
947  0.722000
948  0.715000
949  0.792000
950  0.811000
951  0.831000
952  0.833000
953  0.527000
954  0.615000
955  0.744000
956  0.401000
957  0.389000
958  0.559000
959  0.866000
960  0.860000
961  0.741000
962  0.209000
963  0.867000
964  0.496000
965  0.653000
966  0.764000
967  0.701000
968  0.691000
969  0.697000
970  0.719000
971  0.208000
972  0.472000
973  0.869000
974  0.807000
975  0.234000
976  0.237000
977  0.407000
978  0.385000
979  0.474000
980  0.608000
981  0.056000
982  0.817000
983  0.753000
984  0.921000
985  0.859000
986  0.801000
987  0.074000
988  0.066000
989  0.714000
990  0.708000
991  0.711000
992  0.477000
993  0.667000
994  0.726000
995  0.709000
996  0.094000
997  0.383000
998  0.794000
999  0.621000
1000  0.628000
1001  0.708000
1002  0.412000
1003  0.381000
1004  0.147000
1005  0.771000
1006  0.804000
1007  0.747000
1008  0.239000
1009  0.298000
1010  0.766000
1011  0.907000
1012  0.212000
1013  0.699000
1014  0.656000
1015  0.499000
1016  0.470000
1017  0.671000
1018  0.732000
1019  0.744000
1020  0.813000
1021  0.915000
1022  0.788000
1023  0.776000
1024  0.662000
1025  0.120000
1026  0.348000
1027  0.880000
1028  0.868000
1029  0.834000
1030  0.878000
1031  0.254000
1032  0.800000
1033  0.852000
1034  0.302000
1035  0.725000
1036  0.689000
1037  0.645000
1038  0.505000
1039  0.692000
1040  0.801000
1041  0.717000
1042  0.826000
1043  0.868000
1044  0.743000
1045  0.704000
1046  0.658000
1047  0.421000
1048  0.796000
1049  0.807000
1050  0.799000
1051  0.889000
1052  0.755000
1053  0.826000
1054  0.899000
1055  0.644000
1056  0.758000
1057  0.792000
1058  0.757000
1059  0.718000
1060  0.776000
1061  0.761000
1062  0.789000
1063  0.863000
1064  0.396000
1065  0.854000
1066  0.726000
1067  0.713000
1068  0.535000
1069  0.510000
1070  0.435000
1071  0.612000
1072  0.870000
1073  0.925000
1074  0.894000
1075  0.671000
1076  0.765000
1077  0.834000
1078  0.817000
1079  0.855000
1080  0.690000
1081  0.617000
1082  0.731000
1083  0.791000
1084  0.673000
1085  0.805000
1086  0.799000
1087  0.372000
1088  0.841000
1089  0.818000
1090  0.711000
1091  0.761000
1092  0.655000
1093  0.686000
1094  0.607000
1095  0.699000
1096  0.803000
1097  0.839000
1098  0.722000
1099  0.848000
1100  0.767000
1101  0.836000
1102  0.884000
1103  0.851000
1104  0.764000
1105  0.733000
1106  0.753000
1107  0.754000
1108  0.729000
1109  0.757000
1110  0.760000
1111  0.133000
1112  0.826000
1113  0.877000
1114  0.746000
1115  0.813000
1116  0.717000
1117  0.808000
1118  0.738000
1119  0.672000
1120  0.909000
1121  0.836000
1122  0.710000
1123  0.121000
1124  0.187000
1125  0.839000
1126  0.919000
1127  0.887000
1128  0.707000
1129  0.559000
1130  0.605000
1131  0.733000
1132  0.702000
1133  0.842000
1134  0.733000
1135  0.187000
1136  0.888000
1137  0.819000
1138  0.631000
1139  0.725000
1140  0.728000
1141  0.775000
1142  0.736000
1143  0.340000
1144  0.794000
1145  0.796000
1146  0.941000
1147  0.240000
1148  0.811000
1149  0.864000
1150  0.362000
1151  0.768000
1152  0.736000
1153  0.768000
1154  0.755000
1155  0.747000
1156  0.604000
1157  0.459000
1158  0.826000
1159  0.868000
1160  0.119000
1161  0.240000
1162  0.835000
1163  0.796000
1164  0.797000
1165  0.849000
1166  0.871000
1167  0.084000
1168  0.829000
1169  0.794000
1170  0.856000
1171  0.746000
1172  0.733000
1173  0.811000
1174  0.752000
1175  0.758000
1176  0.767000
1177  0.632000
1178  0.743000
1179  0.869000
1180  0.056000
1181  0.502000
1182  0.752000
1183  0.769000
1184  0.716000
1185  0.888000
1186  0.867000
1187  0.799000
1188  0.907000
1189  0.749000
1190  0.820000
1191  0.117000
1192  0.738000
1193  0.727000
1194  0.830000
1195  0.753000
1196  0.715000
1197  0.868000
1198  0.619000
1199  0.826000
1200  0.363000
1201  0.834000
1202  0.143000
1203  0.444000
1204  0.796000
1205  0.719000
1206  0.669000
1207  0.846000
1208  0.897000
1209  0.846000
1210  0.876000
1211  0.820000
1212  0.876000
1213  0.882000
1214  0.859000
1215  0.843000
1216  0.786000
1217  0.764000
1218  0.746000
1219  0.877000
1220  0.855000
1221  0.771000
1222  0.111000
1223  0.910000
1224  0.840000
1225  0.624000
1226  0.699000
1227  0.407000
1228  0.697000
1229  0.679000
1230  0.552000
1231  0.878000
1232  0.922000
1233  0.878000
1234  0.468000
1235  0.455000
1236  0.883000
1237  0.856000
1238  0.844000
1239  0.816000
1240  0.782000
1241  0.811000
1242  0.761000
1243  0.814000
1244  0.830000
1245  0.793000
1246  0.894000
1247  0.893000
1248  0.421000
1249  0.843000
1250  0.675000
1251  0.719000
1252  0.471000
1253  0.713000
1254  0.693000
1255  0.590000
1256  0.837000
1257  0.907000
1258  0.877000
1259  0.786000
1260  0.808000
1261  0.919000
1262  0.866000
1263  0.875000
1264  0.786000
1265  0.744000
1266  0.830000
1267  0.790000
1268  0.784000
1269  0.788000
1270  0.771000
1271  0.946000
1272  0.942000
1273  0.765000
1274  0.890000
1275  0.350000
1276  0.341000
1277  0.370000
1278  0.744000
1279  0.796000
1280  0.595000
1281  0.871000
1282  0.915000
1283  0.835000
1284  0.763000
1285  0.816000
1286  0.838000
1287  0.772000
1288  0.828000
1289  0.779000
1290  0.766000
1291  0.729000
1292  0.689000
1293  0.745000
1294  0.735000
1295  0.701000
1296  0.878000
1297  0.887000
1298  0.704000
1299  0.832000
1300  0.666000
1301  0.680000
1302  0.611000
1303  0.448000
1304  0.465000
1305  0.232000
1306  0.834000
1307  0.913000
1308  0.831000
1309  0.840000
1310  0.721000
1311  0.774000
1312  0.697000
1313  0.505000
1314  0.695000
1315  0.726000
1316  0.690000
1317  0.811000
1318  0.699000
1319  0.678000
1320  0.601000
1321  0.912000
1322  0.925000
1323  0.116000
1324  0.860000
1325  0.203000
1326  0.748000
1327  0.753000
1328  0.715000
1329  0.830000
1330  0.840000
1331  0.830000
1332  0.744000
1333  0.637000
1334  0.877000
1335  0.895000
1336  0.840000
1337  0.799000
1338  0.810000
1339  0.869000
1340  0.778000
1341  0.806000
1342  0.865000
1343  0.720000
1344  0.927000
1345  0.923000
1346  0.197000
1347  0.844000
1348  0.749000
1349  0.728000
1350  0.620000
1351  0.727000
1352  0.767000
1353  0.428000
1354  0.860000
1355  0.894000
1356  0.864000
1357  0.925000
1358  0.803000
1359  0.819000
1360  0.879000
1361  0.850000
1362  0.779000
1363  0.800000
1364  0.857000
1365  0.779000
1366  0.799000
1367  0.841000
1368  0.708000
1369  0.893000
1370  0.903000
1371  0.819000
1372  0.723000
1373  0.782000
1374  0.755000
1375  0.580000
1376  0.806000
1377  0.786000
1378  0.416000
1379  0.869000
1380  0.730000
1381  0.855000
1382  0.680000
1383  0.591000
1384  0.670000
1385  0.799000
1386  0.747000
1387  0.614000
1388  0.665000
1389  0.679000
1390  0.679000
1391  0.571000
1392  0.567000
1393  0.465000
1394  0.847000
1395  0.295000
1396  0.842000
1397  0.146000
1398  0.114000
1399  0.276000
1400  0.732000
1401  0.729000
1402  0.706000
1403  0.916000
1404  0.919000
1405  0.868000
1406  0.829000
1407  0.764000
1408  0.844000
1409  0.789000
1410  0.852000
1411  0.753000
1412  0.720000
1413  0.676000
1414  0.632000
1415  0.755000
1416  0.777000
1417  0.697000
1418  0.834000
1419  0.859000
1420  0.892000
1421  0.766000
1422  0.799000
1423  0.773000
1424  0.242000
1425  0.597000
1426  0.553000
1427  0.633000
1428  0.887000
1429  0.869000
1430  0.806000
1431  0.856000
1432  0.760000
1433  0.874000
1434  0.881000
1435  0.874000
1436  0.737000
1437  0.708000
1438  0.787000
1439  0.689000
1440  0.733000
1441  0.827000
1442  0.715000
1443  0.864000
1444  0.873000
1445  0.834000
1446  0.805000
1447  0.534000
1448  0.496000
1449  0.444000
1450  0.693000
1451  0.667000
1452  0.499000
1453  0.880000
1454  0.584000
1455  0.424000
1456  0.744000
1457  0.854000
1458  0.631000
1459  0.517000
1460  0.386000
1461  0.404000
1462  0.530000
1463  0.512000
1464  0.813000
1465  0.580000
1466  0.571000
1467  0.847000
1468  0.832000
1469  0.233000
1470  0.258000
1471  0.546000
1472  0.397000
1473  0.348000
1474  0.353000
1475  0.922000
1476  0.840000
1477  0.785000
1478  0.859000
1479  0.865000
1480  0.797000
1481  0.872000
1482  0.842000
1483  0.678000
1484  0.625000
1485  0.571000
1486  0.577000
1487  0.653000
1488  0.751000
1489  0.574000
1490  0.912000
1491  0.945000
1492  0.816000
1493  0.884000
1494  0.678000
1495  0.580000
1496  0.466000
1497  0.616000
1498  0.606000
1499  0.270000
1500  0.893000
1501  0.825000
1502  0.788000
1503  0.892000
1504  0.845000
1505  0.792000
1506  0.861000
1507  0.776000
1508  0.665000
1509  0.681000
1510  0.698000
1511  0.376000
1512  0.663000
1513  0.725000
1514  0.629000
1515  0.502000
1516  0.869000
1517  0.898000
1518  0.669000
1519  0.598000
1520  0.495000
1521  0.293000
1522  0.805000
1523  0.825000
1524  0.728000
1525  0.870000
1526  0.809000
1527  0.846000
1528  0.888000
1529  0.837000
1530  0.663000
1531  0.492000
1532  0.704000
1533  0.708000
1534  0.678000
1535  0.845000
1536  0.690000
1537  0.096000
1538  0.829000
1539  0.889000
1540  0.665000
1541  0.609000
1542  0.514000
1543  0.316000
1544  0.278000
1545  0.655000
1546  0.254000
1547  0.895000
1548  0.785000
1549  0.797000
1550  0.765000
1551  0.799000
1552  0.876000
1553  0.807000
1554  0.669000
1555  0.650000
1556  0.780000
1557  0.667000
1558  0.657000
1559  0.822000
1560  0.674000
1561  0.403000
1562  0.373000
1563  0.842000
1564  0.499000
1565  0.568000
1566  0.603000
1567  0.684000
1568  0.884000
1569  0.857000
1570  0.787000
1571  0.882000
1572  0.843000
1573  0.798000
1574  0.765000
1575  0.780000
1576  0.656000
1577  0.623000
1578  0.726000
1579  0.749000
1580  0.597000
1581  0.840000
1582  0.768000
1583  0.124000
1584  0.866000
1585  0.890000
1586  0.757000
1587  0.663000
1588  0.656000
1589  0.720000
1590  0.725000
1591  0.563000
1592  0.868000
1593  0.884000
1594  0.851000
1595  0.802000
1596  0.822000
1597  0.870000
1598  0.886000
1599  0.820000
1600  0.742000
1601  0.749000
1602  0.851000
1603  0.775000
1604  0.695000
1605  0.598000
1606  0.798000
1607  0.751000
1608  0.902000
1609  0.857000
1610  0.727000
1611  0.750000
1612  0.540000
1613  0.764000
1614  0.710000
1615  0.781000
1616  0.749000
1617  0.906000
1618  0.836000
1619  0.788000
1620  0.742000
1621  0.787000
1622  0.812000
1623  0.627000
1624  0.674000
1625  0.653000
1626  0.756000
1627  0.725000
1628  0.640000
1629  0.769000
1630  0.709000
1631  0.778000
1632  0.083000
1633  0.797000
1634  0.676000
1635  0.696000
1636  0.626000
1637  0.508000
1638  0.424000
1639  0.773000
1640  0.854000
1641  0.692000
1642  0.506000
1643  0.105000
1644  0.132000
1645  0.739000
1646  0.756000
1647  0.224000
1648  0.663000
1649  0.600000
1650  0.760000
1651  0.713000
1652  0.639000
1653  0.749000
1654  0.718000
1655  0.896000
1656  0.887000
1657  0.715000
1658  0.713000
1659  0.662000
1660  0.663000
1661  0.649000
1662  0.705000
1663  0.846000
1664  0.700000
1665  0.470000
1666  0.072000
1667  0.256000
1668  0.675000
1669  0.711000
1670  0.831000
1671  0.634000
1672  0.478000
1673  0.468000
1674  0.767000
1675  0.642000
1676  0.677000
1677  0.763000
1678  0.722000
1679  0.554000
1680  0.759000
1681  0.746000
1682  0.647000
1683  0.578000
1684  0.498000
1685  0.605000
1686  0.919000
1687  0.771000
1688  0.593000
1689  0.398000
1690  0.284000
1691  0.755000
1692  0.646000
1693  0.315000
1694  0.608000
1695  0.582000
1696  0.809000
1697  0.815000
1698  0.588000
1699  0.753000
1700  0.766000
1701  0.832000
1702  0.827000
1703  0.731000
1704  0.654000
1705  0.600000
1706  0.536000
1707  0.550000
1708  0.705000
1709  0.828000
1710  0.849000
1711  0.783000
1712  0.830000
1713  0.563000
1714  0.843000
1715  0.794000
1716  0.877000
1717  0.781000
1718  0.745000
1719  0.801000
1720  0.804000
1721  0.740000
1722  0.796000
1723  0.785000
1724  0.894000
1725  0.908000
1726  0.879000
1727  0.824000
1728  0.798000
1729  0.774000
1730  0.770000
1731  0.654000
1732  0.764000
1733  0.426000
1734  0.810000
1735  0.773000
1736  0.671000
1737  0.818000
1738  0.712000
1739  0.837000
1740  0.868000
1741  0.721000
1742  0.647000
1743  0.723000
1744  0.799000
1745  0.709000
1746  0.791000
1747  0.796000
1748  0.335000
1749  0.652000
1750  0.810000
1751  0.677000
1752  0.745000
1753  0.803000
1754  0.762000
1755  0.597000
1756  0.792000
1757  0.669000
1758  0.591000
1759  0.528000
1760  0.547000
1761  0.458000
1762  0.605000
1763  0.585000
1764  0.717000
1765  0.731000
1766  0.569000
1767  0.760000
1768  0.717000
1769  0.770000
1770  0.774000
1771  0.596000
1772  0.528000
1773  0.682000
1774  0.756000
1775  0.742000
1776  0.769000
1777  0.740000
1778  0.810000
1779  0.788000
1780  0.557000
1781  0.537000
1782  0.748000
1783  0.741000
1784  0.673000
1785  0.625000
1786  0.623000
1787  0.739000
1788  0.744000
1789  0.430000
1790  0.645000
1791  0.651000
1792  0.740000
1793  0.703000
1794  0.868000
1795  0.067000
1796  0.539000
1797  0.774000
1798  0.782000
1799  0.760000
1800  0.899000
1801  0.858000
1802  0.755000
1803  0.848000
1804  0.826000
1805  0.790000
1806  0.794000
1807  0.681000
1808  0.686000
1809  0.650000
1810  0.785000
1811  0.426000
1812  0.629000
1813  0.524000
1814  0.518000
1815  0.924000
1816  0.879000
1817  0.853000
1818  0.422000
1819  0.582000
1820  0.538000
1821  0.228000
1822  0.527000
1823  0.451000
1824  0.392000
1825  0.926000
1826  0.876000
1827  0.793000
1828  0.861000
1829  0.784000
1830  0.739000
1831  0.129000
1832  0.646000
1833  0.618000
1834  0.696000
1835  0.708000
1836  0.655000
1837  0.714000
1838  0.734000
1839  0.873000
1840  0.929000
1841  0.732000
1842  0.863000
1843  0.711000
1844  0.805000
1845  0.445000
1846  0.683000
1847  0.633000
1848  0.523000
1849  0.775000
1850  0.899000
1851  0.824000
1852  0.742000
1853  0.712000
1854  0.840000
1855  0.849000
1856  0.807000
1857  0.741000
1858  0.742000
1859  0.771000
1860  0.774000
1861  0.729000
1862  0.747000
1863  0.822000
1864  0.760000
1865  0.740000
1866  0.837000
1867  0.741000
1868  0.696000
1869  0.600000
1870  0.735000
1871  0.676000
1872  0.624000
1873  0.886000
1874  0.891000
1875  0.790000
1876  0.850000
1877  0.847000
1878  0.869000
1879  0.418000
1880  0.571000
1881  0.707000
1882  0.758000
1883  0.765000
1884  0.735000
1885  0.674000
1886  0.495000
1887  0.809000
1888  0.839000
1889  0.889000
1890  0.889000
1891  0.830000
1892  0.858000
1893  0.755000
1894  0.606000
1895  0.398000
1896  0.380000
1897  0.583000
1898  0.842000
1899  0.861000
1900  0.843000
1901  0.827000
1902  0.790000
1903  0.784000
1904  0.866000
1905  0.849000
1906  0.746000
1907  0.697000
1908  0.723000
1909  0.811000
1910  0.708000
1911  0.741000
1912  0.782000
1913  0.830000
1914  0.799000
1915  0.857000
1916  0.416000
1917  0.797000
1918  0.837000
1919  0.583000
1920  0.729000
1921  0.755000
1922  0.578000
1923  0.877000
1924  0.913000
1925  0.849000
1926  0.847000
1927  0.714000
1928  0.893000
1929  0.911000
1930  0.842000
1931  0.737000
1932  0.712000
1933  0.716000
1934  0.814000
1935  0.699000
1936  0.721000
1937  0.792000
1938  0.918000
1939  0.940000
1940  0.823000
1941  0.709000
1942  0.812000
1943  0.855000
1944  0.580000
1945  0.743000
1946  0.768000
1947  0.583000
1948  0.843000
1949  0.904000
1950  0.829000
1951  0.811000
1952  0.740000
1953  0.888000
1954  0.885000
1955  0.887000
1956  0.770000
1957  0.742000
1958  0.746000
1959  0.781000
1960  0.721000
1961  0.745000
1962  0.788000
1963  0.906000
1964  0.946000
1965  0.826000
1966  0.900000
1967  0.825000
1968  0.867000
1969  0.567000
1970  0.747000
1971  0.794000
1972  0.601000
1973  0.894000
1974  0.900000
1975  0.859000
1976  0.876000
1977  0.821000
1978  0.804000
1979  0.874000
1980  0.637000
1981  0.715000
1982  0.688000
1983  0.784000
1984  0.818000
1985  0.748000
1986  0.810000
1987  0.818000
1988  0.816000
1989  0.897000
1990  0.179000
1991  0.870000
1992  0.808000
1993  0.846000
1994  0.575000
1995  0.760000
1996  0.752000
1997  0.576000
1998  0.817000
1999  0.886000
2000  0.828000
2001  0.849000
2002  0.846000
2003  0.857000
2004  0.829000
2005  0.875000
2006  0.726000
2007  0.707000
2008  0.797000
2009  0.751000
2010  0.727000
2011  0.835000
2012  0.793000
2013  0.886000
2014  0.900000
2015  0.058000
2016  0.899000
2017  0.774000
2018  0.834000
2019  0.567000
2020  0.694000
2021  0.710000
2022  0.559000
2023  0.829000
2024  0.900000
2025  0.835000
2026  0.832000
2027  0.889000
2028  0.870000
2029  0.829000
2030  0.876000
2031  0.749000
2032  0.720000
2033  0.801000
2034  0.747000
2035  0.749000
2036  0.799000
2037  0.781000
2038  0.788000
2039  0.852000
2040  0.871000
2041  0.774000
2042  0.803000
2043  0.570000
2044  0.701000
2045  0.741000
2046  0.636000
2047  0.899000
2048  0.900000
2049  0.842000
2050  0.850000
2051  0.766000
2052  0.839000
2053  0.859000
2054  0.850000
2055  0.676000
2056  0.640000
2057  0.710000
2058  0.760000
2059  0.696000
2060  0.789000
2061  0.803000
2062  0.854000
2063  0.893000
2064  0.859000
2065  0.820000
2066  0.770000
2067  0.846000
2068  0.672000
2069  0.725000
2070  0.762000
2071  0.654000
2072  0.899000
2073  0.900000
2074  0.843000
2075  0.853000
2076  0.769000
2077  0.838000
2078  0.859000
2079  0.851000
2080  0.681000
2081  0.640000
2082  0.708000
2083  0.749000
2084  0.700000
2085  0.781000
2086  0.796000
2087  0.854000
2088  0.892000
2089  0.858000
2090  0.791000
2091  0.748000
2092  0.824000
2093  0.639000
2094  0.739000
2095  0.758000
2096  0.665000
2097  0.899000
2098  0.900000
2099  0.843000
2100  0.853000
2101  0.769000
2102  0.838000
2103  0.859000
2104  0.851000
2105  0.681000
2106  0.640000
2107  0.708000
2108  0.749000
2109  0.700000
2110  0.781000
2111  0.796000
2112  0.854000
2113  0.892000
2114  0.858000
2115  0.791000
2116  0.748000
2117  0.824000
2118  0.639000
2119  0.739000
2120  0.758000
2121  0.665000
2122  0.899000
2123  0.900000
2124  0.843000
2125  0.853000
2126  0.769000
2127  0.838000
2128  0.859000
2129  0.851000
2130  0.681000
2131  0.640000
2132  0.708000
2133  0.749000
2134  0.700000
2135  0.781000
2136  0.796000
2137  0.854000
2138  0.892000
2139  0.858000
2140  0.791000
2141  0.748000
2142  0.824000
2143  0.639000
2144  0.739000
2145  0.758000
2146  0.665000
2147  0.899000
2148  0.900000
2149  0.843000
2150  0.853000
2151  0.769000
2152  0.838000
2153  0.859000
2154  0.851000
2155  0.681000
2156  0.640000
2157  0.708000
2158  0.749000
2159  0.700000
2160  0.781000
2161  0.796000
2162  0.854000
2163  0.892000
2164  0.858000
2165  0.791000
2166  0.748000
2167  0.824000
2168  0.639000
2169  0.739000
2170  0.758000
2171  0.665000
2172  0.899000
2173  0.900000
2174  0.843000
2175  0.853000
2176  0.769000
2177  0.838000
2178  0.859000
2179  0.851000
2180  0.681000
2181  0.640000
2182  0.708000
2183  0.749000
2184  0.700000
2185  0.781000
2186  0.796000
2187  0.854000
2188  0.892000
2189  0.858000
2190  0.791000
2191  0.748000
2192  0.824000
2193  0.639000
2194  0.739000
2195  0.758000
2196  0.665000
2197  0.899000
2198  0.900000
2199  0.843000
2200  0.853000
2201  0.769000
2202  0.838000
2203  0.859000
2204  0.851000
2205  0.681000
2206  0.640000
2207  0.708000
2208  0.749000
2209  0.700000
2210  0.781000
2211  0.796000
2212  0.854000
2213  0.892000
2214  0.858000
2215  0.791000
2216  0.748000
2217  0.824000
2218  0.639000
2219  0.739000
2220  0.758000
2221  0.665000
2222  0.899000
2223  0.900000
2224  0.843000
2225  0.853000
2226  0.769000
2227  0.838000
2228  0.859000
2229  0.851000
2230  0.681000
2231  0.640000
2232  0.708000
2233  0.749000
2234  0.700000
2235  0.781000
2236  0.796000
2237  0.854000
2238  0.892000
2239  0.858000
2240  0.791000
2241  0.748000
2242  0.824000
2243  0.639000
2244  0.739000
2245  0.758000
2246  0.665000
2247  0.899000
2248  0.900000
2249  0.843000
2250  0.853000
2251  0.769000
2252  0.838000
2253  0.859000
2254  0.851000
2255  0.681000
2256  0.640000
2257  0.708000
2258  0.749000
2259  0.700000
2260  0.781000
2261  0.796000
2262  0.854000
2263  0.892000
2264  0.858000
2265  0.791000
2266  0.748000
2267  0.824000
2268  0.639000
2269  0.739000
2270  0.758000
2271  0.665000
2272  0.899000
2273  0.900000
2274  0.843000
2275  0.853000
2276  0.769000
2277  0.838000
2278  0.859000
2279  0.851000
2280  0.681000
2281  0.640000
2282  0.708000
2283  0.749000
2284  0.700000
2285  0.781000
2286  0.796000
2287  0.854000
2288  0.892000
2289  0.858000
2290  0.791000
2291  0.748000
2292  0.824000
2293  0.639000
2294  0.739000
2295  0.758000
2296  0.665000
2297  0.899000
2298  0.900000
2299  0.843000
2300  0.853000
2301  0.769000
2302  0.838000
2303  0.859000
2304  0.851000
2305  0.681000
2306  0.640000
2307  0.708000
2308  0.749000
2309  0.700000
2310  0.781000
2311  0.796000
2312  0.854000
2313  0.892000
2314  0.858000
2315  0.791000
2316  0.748000
2317  0.824000
2318  0.639000
2319  0.739000
2320  0.758000
2321  0.665000
2322  0.899000
2323  0.900000
2324  0.843000
2325  0.853000
2326  0.769000
2327  0.838000
2328  0.859000
2329  0.851000
2330  0.681000
2331  0.640000
2332  0.708000
2333  0.749000
2334  0.700000
2335  0.781000
2336  0.796000
2337  0.854000
2338  0.892000
2339  0.858000
2340  0.791000
2341  0.748000
2342  0.824000
2343  0.639000
2344  0.739000
2345  0.758000
2346  0.665000
2347  0.899000
2348  0.900000
2349  0.843000
2350  0.853000
2351  0.769000
2352  0.838000
2353  0.859000
2354  0.851000
2355  0.681000
2356  0.640000
2357  0.708000
2358  0.749000
2359  0.700000
2360  0.781000
2361  0.796000
2362  0.854000
2363  0.892000
2364  0.858000
2365  0.791000
2366  0.748000
2367  0.824000
2368  0.639000
2369  0.739000
2370  0.758000
2371  0.665000
