1  0.651000
2  0.733000
3  0.585000
4  0.210000
5  0.347000
6  0.901000
7  0.846000
8  0.830000
9  0.733000
10  0.595000
11  0.588000
12  0.620000
13  0.713000
14  0.787000
15  0.727000
16  0.694000
17  0.803000
18  0.739000
19  0.770000
20  0.642000
21  0.769000
22  0.696000
23  0.327000
24  0.144000
25  0.709000
26  0.795000
27  0.930000
28  0.792000
29  0.591000
30  0.122000
31  0.724000
32  0.715000
33  0.781000
34  0.686000
35  0.575000
36  0.754000
37  0.644000
38  0.223000
39  0.843000
40  0.131000
41  0.169000
42  0.137000
43  0.510000
44  0.789000
45  0.777000
46  0.660000
47  0.839000
48  0.810000
49  0.107000
50  0.806000
51  0.863000
52  0.832000
53  0.771000
54  0.751000
55  0.849000
56  0.731000
57  0.734000
58  0.805000
59  0.654000
60  0.051000
61  0.398000
62  0.795000
63  0.109000
64  0.588000
65  0.736000
66  0.764000
67  0.723000
68  0.896000
69  0.769000
70  0.903000
71  0.797000
72  0.771000
73  0.718000
74  0.140000
75  0.221000
76  0.727000
77  0.773000
78  0.792000
79  0.811000
80  0.606000
81  0.691000
82  0.610000
83  0.925000
84  0.191000
85  0.843000
86  0.118000
87  0.084000
88  0.460000
89  0.805000
90  0.808000
91  0.764000
92  0.910000
93  0.868000
94  0.879000
95  0.820000
96  0.832000
97  0.922000
98  0.929000
99  0.772000
100  0.872000
101  0.821000
102  0.836000
103  0.724000
104  0.845000
105  0.760000
106  0.698000
107  0.778000
108  0.867000
109  0.868000
110  0.477000
111  0.465000
112  0.340000
113  0.732000
114  0.648000
115  0.616000
116  0.828000
117  0.863000
118  0.757000
119  0.894000
120  0.800000
121  0.847000
122  0.578000
123  0.637000
124  0.706000
125  0.714000
126  0.723000
127  0.611000
128  0.683000
129  0.769000
130  0.723000
131  0.591000
132  0.898000
133  0.773000
134  0.675000
135  0.624000
136  0.689000
137  0.414000
138  0.409000
139  0.215000
140  0.887000
141  0.730000
142  0.581000
143  0.134000
144  0.161000
145  0.667000
146  0.546000
147  0.731000
148  0.596000
149  0.413000
150  0.600000
151  0.626000
152  0.640000
153  0.735000
154  0.775000
155  0.712000
156  0.887000
157  0.877000
158  0.800000
159  0.737000
160  0.821000
161  0.342000
162  0.324000
163  0.161000
164  0.831000
165  0.884000
166  0.850000
167  0.792000
168  0.839000
169  0.875000
170  0.864000
171  0.822000
172  0.804000
173  0.777000
174  0.816000
175  0.782000
176  0.783000
177  0.813000
178  0.745000
179  0.903000
180  0.926000
181  0.931000
182  0.890000
183  0.817000
184  0.807000
185  0.671000
186  0.801000
187  0.771000
188  0.444000
189  0.852000
190  0.905000
191  0.823000
192  0.897000
193  0.760000
194  0.886000
195  0.842000
196  0.862000
197  0.853000
198  0.772000
199  0.783000
200  0.816000
201  0.776000
202  0.837000
203  0.722000
204  0.894000
205  0.882000
206  0.915000
207  0.894000
208  0.800000
209  0.739000
210  0.657000
211  0.737000
212  0.718000
213  0.457000
214  0.332000
215  0.636000
216  0.512000
217  0.296000
218  0.328000
219  0.658000
220  0.888000
221  0.872000
222  0.547000
223  0.470000
224  0.636000
225  0.715000
226  0.570000
227  0.607000
228  0.624000
229  0.476000
230  0.147000
231  0.656000
232  0.149000
233  0.121000
234  0.428000
235  0.768000
236  0.779000
237  0.728000
238  0.913000
239  0.896000
240  0.820000
241  0.932000
242  0.880000
243  0.872000
244  0.810000
245  0.681000
246  0.776000
247  0.739000
248  0.768000
249  0.729000
250  0.710000
251  0.818000
252  0.770000
253  0.832000
254  0.860000
255  0.884000
256  0.269000
257  0.791000
258  0.742000
259  0.374000
260  0.774000
261  0.728000
262  0.682000
263  0.912000
264  0.877000
265  0.859000
266  0.869000
267  0.837000
268  0.865000
269  0.858000
270  0.813000
271  0.775000
272  0.726000
273  0.812000
274  0.676000
275  0.773000
276  0.704000
277  0.596000
278  0.827000
279  0.829000
280  0.933000
281  0.691000
282  0.443000
283  0.404000
284  0.274000
285  0.488000
286  0.496000
287  0.664000
288  0.880000
289  0.873000
290  0.806000
291  0.512000
292  0.651000
293  0.850000
294  0.788000
295  0.737000
296  0.732000
297  0.677000
298  0.772000
299  0.774000
300  0.684000
301  0.673000
302  0.537000
303  0.869000
304  0.848000
305  0.059000
306  0.875000
307  0.180000
308  0.758000
309  0.678000
310  0.660000
311  0.469000
312  0.371000
313  0.237000
314  0.782000
315  0.510000
316  0.427000
317  0.634000
318  0.476000
319  0.347000
320  0.389000
321  0.333000
322  0.385000
323  0.491000
324  0.545000
325  0.473000
326  0.405000
327  0.508000
328  0.538000
329  0.366000
330  0.162000
331  0.161000
332  0.857000
333  0.881000
334  0.769000
335  0.762000
336  0.632000
337  0.795000
338  0.792000
339  0.842000
340  0.654000
341  0.629000
342  0.676000
343  0.387000
344  0.610000
345  0.736000
346  0.671000
347  0.875000
348  0.878000
349  0.797000
350  0.909000
351  0.666000
352  0.601000
353  0.552000
354  0.304000
355  0.915000
356  0.886000
357  0.797000
358  0.827000
359  0.858000
360  0.863000
361  0.883000
362  0.849000
363  0.711000
364  0.674000
365  0.625000
366  0.706000
367  0.675000
368  0.680000
369  0.692000
370  0.903000
371  0.914000
372  0.875000
373  0.922000
374  0.624000
375  0.570000
376  0.646000
377  0.177000
378  0.139000
379  0.645000
380  0.802000
381  0.777000
382  0.670000
383  0.810000
384  0.835000
385  0.857000
386  0.817000
387  0.796000
388  0.612000
389  0.468000
390  0.669000
391  0.681000
392  0.567000
393  0.751000
394  0.729000
395  0.873000
396  0.916000
397  0.725000
398  0.629000
399  0.612000
400  0.175000
401  0.766000
402  0.835000
403  0.814000
404  0.844000
405  0.690000
406  0.750000
407  0.784000
408  0.692000
409  0.224000
410  0.628000
411  0.496000
412  0.841000
413  0.740000
414  0.563000
415  0.683000
416  0.729000
417  0.904000
418  0.851000
419  0.657000
420  0.647000
421  0.568000
422  0.776000
423  0.702000
424  0.750000
425  0.674000
426  0.877000
427  0.811000
428  0.878000
429  0.846000
430  0.761000
431  0.847000
432  0.707000
433  0.691000
434  0.656000
435  0.760000
436  0.665000
437  0.663000
438  0.772000
439  0.732000
440  0.757000
441  0.070000
442  0.898000
443  0.761000
444  0.750000
445  0.686000
446  0.391000
447  0.432000
448  0.589000
449  0.845000
450  0.918000
451  0.806000
452  0.911000
453  0.803000
454  0.844000
455  0.862000
456  0.880000
457  0.663000
458  0.648000
459  0.683000
460  0.728000
461  0.616000
462  0.669000
463  0.688000
464  0.903000
465  0.806000
466  0.697000
467  0.629000
468  0.649000
469  0.603000
470  0.578000
471  0.606000
472  0.878000
473  0.931000
474  0.806000
475  0.856000
476  0.760000
477  0.815000
478  0.854000
479  0.868000
480  0.736000
481  0.717000
482  0.836000
483  0.763000
484  0.707000
485  0.775000
486  0.815000
487  0.861000
488  0.943000
489  0.916000
490  0.806000
491  0.775000
492  0.568000
493  0.756000
494  0.731000
495  0.754000
496  0.846000
497  0.871000
498  0.862000
499  0.897000
500  0.775000
501  0.843000
502  0.875000
503  0.837000
504  0.701000
505  0.714000
506  0.851000
507  0.793000
508  0.662000
509  0.772000
510  0.822000
511  0.142000
512  0.842000
513  0.899000
514  0.808000
515  0.780000
516  0.578000
517  0.780000
518  0.676000
519  0.754000
520  0.893000
521  0.777000
522  0.702000
523  0.872000
524  0.813000
525  0.807000
526  0.811000
527  0.838000
528  0.670000
529  0.538000
530  0.700000
531  0.754000
532  0.619000
533  0.777000
534  0.786000
535  0.097000
536  0.868000
537  0.896000
538  0.677000
539  0.684000
540  0.690000
541  0.647000
542  0.603000
543  0.702000
544  0.853000
545  0.658000
546  0.483000
547  0.248000
548  0.212000
549  0.703000
550  0.665000
551  0.786000
552  0.660000
553  0.581000
554  0.731000
555  0.358000
556  0.671000
557  0.597000
558  0.777000
559  0.826000
560  0.523000
561  0.813000
562  0.778000
563  0.722000
564  0.105000
565  0.197000
566  0.839000
567  0.769000
568  0.651000
569  0.397000
570  0.619000
571  0.787000
572  0.847000
573  0.829000
574  0.717000
575  0.660000
576  0.768000
577  0.807000
578  0.697000
579  0.801000
580  0.844000
581  0.848000
582  0.894000
583  0.879000
584  0.789000
585  0.700000
586  0.826000
587  0.709000
588  0.759000
589  0.878000
590  0.747000
591  0.647000
592  0.790000
593  0.871000
594  0.751000
595  0.849000
596  0.806000
597  0.756000
598  0.716000
599  0.843000
600  0.825000
601  0.708000
602  0.810000
603  0.823000
604  0.888000
605  0.861000
606  0.857000
607  0.801000
608  0.792000
609  0.753000
610  0.725000
611  0.761000
612  0.085000
613  0.888000
614  0.829000
615  0.817000
616  0.785000
617  0.828000
618  0.747000
619  0.766000
620  0.749000
621  0.704000
622  0.775000
623  0.786000
624  0.717000
625  0.825000
626  0.818000
627  0.178000
628  0.619000
629  0.794000
630  0.812000
631  0.709000
632  0.767000
633  0.740000
634  0.721000
635  0.808000
636  0.824000
637  0.724000
638  0.353000
639  0.446000
640  0.715000
641  0.353000
642  0.289000
643  0.704000
644  0.666000
645  0.791000
646  0.743000
647  0.634000
648  0.765000
649  0.732000
650  0.763000
651  0.874000
652  0.608000
653  0.568000
654  0.643000
655  0.642000
656  0.663000
657  0.719000
658  0.823000
659  0.825000
660  0.845000
661  0.827000
662  0.809000
663  0.734000
664  0.343000
665  0.467000
666  0.723000
667  0.694000
668  0.807000
669  0.788000
670  0.679000
671  0.798000
672  0.696000
673  0.925000
674  0.857000
675  0.517000
676  0.460000
677  0.599000
678  0.803000
679  0.870000
680  0.733000
681  0.887000
682  0.797000
683  0.793000
684  0.741000
685  0.495000
686  0.787000
687  0.421000
688  0.608000
689  0.702000
690  0.708000
691  0.798000
692  0.767000
693  0.668000
694  0.682000
695  0.661000
696  0.837000
697  0.915000
698  0.867000
699  0.823000
700  0.171000
701  0.190000
702  0.550000
703  0.705000
704  0.683000
705  0.662000
706  0.887000
707  0.889000
708  0.843000
709  0.810000
710  0.844000
711  0.728000
712  0.592000
713  0.477000
714  0.690000
715  0.696000
716  0.716000
717  0.713000
718  0.672000
719  0.733000
720  0.662000
721  0.877000
722  0.871000
723  0.857000
724  0.791000
725  0.408000
726  0.504000
727  0.277000
728  0.673000
729  0.696000
730  0.477000
731  0.852000
732  0.912000
733  0.822000
734  0.866000
735  0.635000
736  0.877000
737  0.690000
738  0.717000
739  0.772000
740  0.763000
741  0.650000
742  0.759000
743  0.811000
744  0.789000
745  0.826000
746  0.823000
747  0.605000
748  0.816000
749  0.817000
750  0.806000
751  0.582000
752  0.800000
753  0.788000
754  0.607000
755  0.912000
756  0.947000
757  0.914000
758  0.614000
759  0.643000
760  0.882000
761  0.912000
762  0.800000
763  0.757000
764  0.770000
765  0.762000
766  0.762000
767  0.761000
768  0.825000
769  0.739000
770  0.889000
771  0.932000
772  0.609000
773  0.939000
774  0.724000
775  0.754000
776  0.522000
777  0.693000
778  0.687000
779  0.604000
780  0.714000
781  0.903000
782  0.840000
783  0.832000
784  0.733000
785  0.866000
786  0.933000
787  0.833000
788  0.789000
789  0.735000
790  0.753000
791  0.805000
792  0.708000
793  0.763000
794  0.790000
795  0.774000
796  0.699000
797  0.766000
798  0.262000
799  0.794000
800  0.811000
801  0.478000
802  0.726000
803  0.748000
804  0.574000
805  0.824000
806  0.922000
807  0.858000
808  0.634000
809  0.355000
810  0.838000
811  0.807000
812  0.751000
813  0.750000
814  0.705000
815  0.774000
816  0.769000
817  0.708000
818  0.791000
819  0.769000
820  0.890000
821  0.912000
822  0.835000
823  0.170000
824  0.774000
825  0.793000
826  0.550000
827  0.691000
828  0.683000
829  0.609000
830  0.896000
831  0.901000
832  0.848000
833  0.907000
834  0.835000
835  0.879000
836  0.864000
837  0.764000
838  0.787000
839  0.728000
840  0.777000
841  0.775000
842  0.748000
843  0.785000
844  0.759000
845  0.871000
846  0.868000
847  0.909000
848  0.673000
849  0.762000
850  0.789000
851  0.562000
852  0.685000
853  0.738000
854  0.636000
855  0.855000
856  0.911000
857  0.864000
858  0.864000
859  0.777000
860  0.873000
861  0.752000
862  0.875000
863  0.711000
864  0.724000
865  0.819000
866  0.780000
867  0.738000
868  0.807000
869  0.772000
870  0.872000
871  0.862000
872  0.854000
873  0.792000
874  0.719000
875  0.748000
876  0.475000
877  0.693000
878  0.665000
879  0.591000
880  0.874000
881  0.898000
882  0.841000
883  0.899000
884  0.815000
885  0.880000
886  0.768000
887  0.756000
888  0.717000
889  0.730000
890  0.788000
891  0.761000
892  0.740000
893  0.810000
894  0.743000
895  0.870000
896  0.881000
897  0.811000
898  0.807000
899  0.752000
900  0.757000
901  0.425000
902  0.664000
903  0.664000
904  0.587000
905  0.874000
906  0.901000
907  0.850000
908  0.898000
909  0.812000
910  0.830000
911  0.760000
912  0.790000
913  0.707000
914  0.715000
915  0.786000
916  0.753000
917  0.738000
918  0.812000
919  0.742000
920  0.928000
921  0.885000
922  0.824000
923  0.893000
924  0.790000
925  0.765000
926  0.454000
927  0.563000
928  0.612000
929  0.616000
930  0.824000
931  0.898000
932  0.845000
933  0.871000
934  0.871000
935  0.843000
936  0.857000
937  0.799000
938  0.705000
939  0.690000
940  0.742000
941  0.801000
942  0.681000
943  0.736000
944  0.800000
945  0.921000
946  0.922000
947  0.869000
948  0.869000
949  0.822000
950  0.856000
951  0.617000
952  0.780000
953  0.818000
954  0.608000
955  0.824000
956  0.898000
957  0.845000
958  0.871000
959  0.871000
960  0.843000
961  0.857000
962  0.799000
963  0.705000
964  0.690000
965  0.742000
966  0.801000
967  0.681000
968  0.736000
969  0.800000
970  0.921000
971  0.922000
972  0.869000
973  0.869000
974  0.822000
975  0.856000
976  0.617000
977  0.780000
978  0.818000
979  0.608000
980  0.824000
981  0.898000
982  0.845000
983  0.871000
984  0.871000
985  0.843000
986  0.857000
987  0.799000
988  0.705000
989  0.690000
990  0.742000
991  0.801000
992  0.681000
993  0.736000
994  0.800000
995  0.921000
996  0.922000
997  0.869000
998  0.869000
999  0.822000
1000  0.856000
1001  0.617000
1002  0.780000
1003  0.818000
1004  0.608000
1005  0.824000
1006  0.898000
1007  0.845000
1008  0.871000
1009  0.871000
1010  0.843000
1011  0.857000
1012  0.799000
1013  0.705000
1014  0.690000
1015  0.742000
1016  0.801000
1017  0.681000
1018  0.736000
1019  0.800000
1020  0.921000
1021  0.922000
1022  0.869000
1023  0.869000
1024  0.822000
1025  0.856000
1026  0.617000
1027  0.780000
1028  0.818000
1029  0.608000
1030  0.920000
1031  0.915000
1032  0.824000
1033  0.767000
1034  0.804000
1035  0.820000
1036  0.554000
1037  0.755000
1038  0.687000
1039  0.668000
1040  0.704000
1041  0.814000
1042  0.665000
1043  0.739000
1044  0.786000
1045  0.857000
1046  0.848000
1047  0.870000
1048  0.740000
1049  0.812000
1050  0.839000
1051  0.575000
1052  0.788000
1053  0.822000
1054  0.640000
1055  0.874000
1056  0.933000
1057  0.822000
1058  0.813000
1059  0.704000
1060  0.793000
1061  0.896000
1062  0.850000
1063  0.694000
1064  0.679000
1065  0.724000
1066  0.820000
1067  0.658000
1068  0.751000
1069  0.775000
1070  0.877000
1071  0.909000
1072  0.786000
1073  0.730000
1074  0.789000
1075  0.819000
1076  0.573000
1077  0.775000
1078  0.824000
1079  0.636000
1080  0.909000
1081  0.919000
1082  0.830000
1083  0.792000
1084  0.561000
1085  0.821000
1086  0.820000
1087  0.860000
1088  0.679000
1089  0.663000
1090  0.723000
1091  0.817000
1092  0.649000
1093  0.741000
1094  0.784000
1095  0.888000
1096  0.848000
1097  0.868000
1098  0.833000
1099  0.812000
1100  0.840000
1101  0.580000
1102  0.798000
1103  0.837000
1104  0.634000
1105  0.904000
1106  0.821000
1107  0.810000
1108  0.457000
1109  0.591000
1110  0.835000
1111  0.754000
1112  0.876000
1113  0.688000
1114  0.654000
1115  0.701000
1116  0.836000
1117  0.633000
1118  0.718000
1119  0.785000
1120  0.373000
1121  0.889000
1122  0.885000
1123  0.813000
1124  0.837000
1125  0.596000
1126  0.814000
1127  0.837000
1128  0.628000
1129  0.447000
1130  0.889000
1131  0.780000
1132  0.805000
1133  0.792000
1134  0.783000
1135  0.854000
1136  0.835000
1137  0.693000
1138  0.674000
1139  0.703000
1140  0.825000
1141  0.675000
1142  0.755000
1143  0.778000
1144  0.483000
1145  0.561000
1146  0.318000
1147  0.539000
1148  0.823000
1149  0.844000
1150  0.593000
1151  0.787000
1152  0.821000
1153  0.639000
1154  0.881000
1155  0.878000
1156  0.762000
1157  0.867000
1158  0.795000
1159  0.783000
1160  0.873000
1161  0.882000
1162  0.690000
1163  0.693000
1164  0.784000
1165  0.742000
1166  0.704000
1167  0.825000
1168  0.790000
1169  0.891000
1170  0.884000
1171  0.893000
1172  0.438000
1173  0.823000
1174  0.854000
1175  0.652000
1176  0.614000
1177  0.627000
1178  0.520000
1179  0.899000
1180  0.826000
1181  0.827000
1182  0.796000
1183  0.838000
1184  0.815000
1185  0.845000
1186  0.510000
1187  0.788000
1188  0.750000
1189  0.768000
1190  0.837000
1191  0.738000
1192  0.800000
1193  0.778000
1194  0.844000
1195  0.906000
1196  0.873000
1197  0.944000
1198  0.840000
1199  0.818000
1200  0.808000
1201  0.797000
1202  0.698000
1203  0.738000
1204  0.842000
1205  0.873000
1206  0.825000
1207  0.654000
1208  0.801000
1209  0.733000
1210  0.787000
1211  0.764000
1212  0.764000
1213  0.759000
1214  0.805000
1215  0.835000
1216  0.733000
1217  0.793000
1218  0.817000
1219  0.893000
1220  0.891000
1221  0.871000
1222  0.822000
1223  0.822000
1224  0.797000
1225  0.764000
1226  0.796000
1227  0.701000
1228  0.749000
1229  0.915000
1230  0.811000
1231  0.816000
1232  0.834000
1233  0.837000
1234  0.814000
1235  0.551000
1236  0.659000
1237  0.757000
1238  0.740000
1239  0.804000
1240  0.828000
1241  0.734000
1242  0.834000
1243  0.779000
1244  0.888000
1245  0.871000
1246  0.890000
1247  0.835000
1248  0.822000
1249  0.766000
1250  0.792000
1251  0.792000
1252  0.700000
1253  0.754000
1254  0.875000
1255  0.930000
1256  0.805000
1257  0.836000
1258  0.738000
1259  0.871000
1260  0.708000
1261  0.718000
1262  0.801000
1263  0.759000
1264  0.812000
1265  0.834000
1266  0.783000
1267  0.847000
1268  0.777000
1269  0.895000
1270  0.908000
1271  0.824000
1272  0.820000
1273  0.837000
1274  0.777000
1275  0.797000
1276  0.770000
1277  0.696000
1278  0.755000
1279  0.873000
1280  0.822000
1281  0.847000
1282  0.913000
1283  0.688000
1284  0.723000
1285  0.697000
1286  0.556000
1287  0.711000
1288  0.709000
1289  0.818000
1290  0.813000
1291  0.699000
1292  0.785000
1293  0.790000
1294  0.819000
1295  0.916000
1296  0.784000
1297  0.800000
1298  0.756000
1299  0.796000
1300  0.585000
1301  0.730000
1302  0.698000
1303  0.736000
1304  0.897000
1305  0.829000
1306  0.891000
1307  0.842000
1308  0.799000
1309  0.827000
1310  0.823000
1311  0.816000
1312  0.799000
1313  0.742000
1314  0.791000
1315  0.703000
1316  0.743000
1317  0.707000
1318  0.735000
1319  0.888000
1320  0.948000
1321  0.603000
1322  0.844000
1323  0.736000
1324  0.645000
1325  0.580000
1326  0.307000
1327  0.286000
1328  0.733000
1329  0.845000
1330  0.884000
1331  0.820000
1332  0.844000
1333  0.725000
1334  0.814000
1335  0.831000
1336  0.742000
1337  0.761000
1338  0.792000
1339  0.807000
1340  0.742000
1341  0.729000
1342  0.779000
1343  0.760000
1344  0.879000
1345  0.971000
1346  0.088000
1347  0.863000
1348  0.772000
1349  0.696000
1350  0.624000
1351  0.394000
1352  0.369000
1353  0.760000
1354  0.861000
1355  0.869000
1356  0.830000
1357  0.913000
1358  0.792000
1359  0.807000
1360  0.869000
1361  0.133000
1362  0.695000
1363  0.646000
1364  0.736000
1365  0.807000
1366  0.607000
1367  0.692000
1368  0.748000
1369  0.885000
1370  0.862000
1371  0.704000
1372  0.672000
1373  0.674000
1374  0.447000
1375  0.435000
1376  0.736000
1377  0.859000
1378  0.786000
1379  0.766000
1380  0.185000
1381  0.271000
1382  0.729000
1383  0.664000
1384  0.722000
1385  0.698000
1386  0.674000
1387  0.736000
1388  0.772000
1389  0.665000
1390  0.762000
1391  0.757000
1392  0.878000
1393  0.903000
1394  0.541000
1395  0.527000
1396  0.763000
1397  0.708000
1398  0.698000
1399  0.631000
1400  0.601000
1401  0.661000
1402  0.847000
1403  0.896000
1404  0.812000
1405  0.840000
1406  0.825000
1407  0.857000
1408  0.880000
1409  0.819000
1410  0.749000
1411  0.703000
1412  0.719000
1413  0.790000
1414  0.727000
1415  0.813000
1416  0.756000
1417  0.832000
1418  0.908000
1419  0.780000
1420  0.944000
1421  0.753000
1422  0.712000
1423  0.699000
1424  0.667000
1425  0.645000
1426  0.741000
1427  0.694000
1428  0.851000
1429  0.808000
1430  0.876000
1431  0.588000
1432  0.841000
1433  0.846000
1434  0.774000
1435  0.686000
1436  0.651000
1437  0.686000
1438  0.738000
1439  0.646000
1440  0.770000
1441  0.747000
1442  0.514000
1443  0.863000
1444  0.173000
1445  0.846000
1446  0.724000
1447  0.663000
1448  0.664000
1449  0.533000
1450  0.453000
1451  0.690000
1452  0.896000
1453  0.920000
1454  0.821000
1455  0.835000
1456  0.853000
1457  0.788000
1458  0.835000
1459  0.780000
1460  0.743000
1461  0.743000
1462  0.779000
1463  0.709000
1464  0.734000
1465  0.849000
1466  0.757000
1467  0.828000
1468  0.873000
1469  0.815000
1470  0.884000
1471  0.756000
1472  0.688000
1473  0.394000
1474  0.405000
1475  0.326000
1476  0.618000
1477  0.849000
1478  0.836000
1479  0.850000
1480  0.081000
1481  0.856000
1482  0.893000
1483  0.818000
1484  0.755000
1485  0.755000
1486  0.831000
1487  0.753000
1488  0.715000
1489  0.767000
1490  0.791000
1491  0.899000
1492  0.944000
1493  0.818000
1494  0.809000
1495  0.795000
1496  0.779000
1497  0.770000
1498  0.809000
1499  0.722000
1500  0.687000
1501  0.913000
1502  0.797000
1503  0.760000
1504  0.777000
1505  0.750000
1506  0.805000
1507  0.775000
1508  0.756000
1509  0.773000
1510  0.740000
1511  0.840000
1512  0.783000
1513  0.738000
1514  0.840000
1515  0.768000
1516  0.872000
1517  0.868000
1518  0.857000
1519  0.824000
1520  0.788000
1521  0.736000
1522  0.736000
1523  0.771000
1524  0.730000
1525  0.738000
1526  0.904000
1527  0.869000
1528  0.830000
1529  0.801000
1530  0.375000
1531  0.887000
1532  0.884000
1533  0.819000
1534  0.729000
1535  0.703000
1536  0.853000
1537  0.738000
1538  0.761000
1539  0.862000
1540  0.656000
1541  0.874000
1542  0.899000
1543  0.886000
1544  0.710000
1545  0.220000
1546  0.181000
1547  0.483000
1548  0.735000
1549  0.644000
1550  0.636000
1551  0.832000
1552  0.737000
1553  0.875000
1554  0.722000
1555  0.533000
1556  0.671000
1557  0.376000
1558  0.584000
1559  0.663000
1560  0.711000
1561  0.813000
1562  0.732000
1563  0.476000
1564  0.611000
1565  0.562000
1566  0.853000
1567  0.898000
1568  0.557000
1569  0.577000
1570  0.118000
1571  0.743000
1572  0.700000
1573  0.715000
1574  0.908000
1575  0.831000
1576  0.815000
1577  0.148000
1578  0.846000
1579  0.919000
1580  0.804000
1581  0.652000
1582  0.617000
1583  0.625000
1584  0.663000
1585  0.652000
1586  0.401000
1587  0.534000
1588  0.875000
1589  0.722000
1590  0.571000
1591  0.532000
1592  0.247000
1593  0.669000
1594  0.636000
1595  0.637000
1596  0.871000
1597  0.861000
1598  0.767000
1599  0.875000
1600  0.816000
1601  0.812000
1602  0.376000
1603  0.680000
1604  0.712000
1605  0.693000
1606  0.851000
1607  0.687000
1608  0.698000
1609  0.721000
1610  0.694000
1611  0.869000
1612  0.873000
1613  0.857000
1614  0.826000
1615  0.620000
1616  0.634000
1617  0.227000
1618  0.636000
1619  0.610000
1620  0.637000
1621  0.869000
1622  0.785000
1623  0.847000
1624  0.579000
1625  0.735000
1626  0.604000
1627  0.150000
1628  0.312000
1629  0.693000
1630  0.677000
1631  0.802000
1632  0.693000
1633  0.673000
1634  0.691000
1635  0.714000
1636  0.867000
1637  0.855000
1638  0.835000
1639  0.566000
1640  0.664000
1641  0.648000
1642  0.374000
1643  0.633000
1644  0.611000
1645  0.664000
1646  0.875000
1647  0.847000
1648  0.793000
1649  0.850000
1650  0.866000
1651  0.829000
1652  0.899000
1653  0.695000
1654  0.734000
1655  0.721000
1656  0.826000
1657  0.687000
1658  0.689000
1659  0.728000
1660  0.709000
1661  0.824000
1662  0.872000
1663  0.755000
1664  0.206000
1665  0.569000
1666  0.519000
1667  0.557000
1668  0.752000
1669  0.708000
1670  0.543000
1671  0.871000
1672  0.894000
1673  0.838000
1674  0.917000
1675  0.889000
1676  0.788000
1677  0.885000
1678  0.758000
1679  0.770000
1680  0.721000
1681  0.801000
1682  0.771000
1683  0.716000
1684  0.816000
1685  0.832000
1686  0.910000
1687  0.884000
1688  0.839000
1689  0.760000
1690  0.818000
1691  0.809000
1692  0.674000
1693  0.766000
1694  0.677000
1695  0.634000
1696  0.903000
1697  0.908000
1698  0.837000
1699  0.678000
1700  0.540000
1701  0.854000
1702  0.428000
1703  0.261000
1704  0.718000
1705  0.697000
1706  0.657000
1707  0.801000
1708  0.714000
1709  0.827000
1710  0.794000
1711  0.854000
1712  0.848000
1713  0.847000
1714  0.790000
1715  0.773000
1716  0.744000
1717  0.713000
1718  0.727000
1719  0.722000
1720  0.639000
1721  0.805000
1722  0.851000
1723  0.691000
1724  0.177000
1725  0.313000
1726  0.786000
1727  0.795000
1728  0.752000
1729  0.790000
1730  0.764000
1731  0.841000
1732  0.783000
1733  0.766000
1734  0.815000
1735  0.768000
1736  0.840000
1737  0.855000
1738  0.874000
1739  0.762000
1740  0.780000
1741  0.793000
1742  0.749000
1743  0.799000
1744  0.711000
1745  0.742000
1746  0.871000
1747  0.930000
1748  0.815000
1749  0.913000
1750  0.662000
1751  0.879000
1752  0.815000
1753  0.825000
1754  0.732000
1755  0.728000
1756  0.788000
1757  0.855000
1758  0.703000
1759  0.874000
1760  0.772000
1761  0.849000
1762  0.840000
1763  0.784000
1764  0.747000
1765  0.746000
1766  0.810000
1767  0.797000
1768  0.576000
1769  0.851000
1770  0.957000
1771  0.809000
1772  0.825000
1773  0.819000
1774  0.779000
1775  0.858000
1776  0.877000
1777  0.777000
1778  0.760000
1779  0.790000
1780  0.796000
1781  0.751000
1782  0.784000
1783  0.801000
1784  0.838000
1785  0.849000
1786  0.811000
1787  0.208000
1788  0.779000
1789  0.734000
1790  0.783000
1791  0.729000
1792  0.696000
1793  0.678000
1794  0.874000
1795  0.885000
1796  0.808000
1797  0.903000
1798  0.769000
1799  0.776000
1800  0.816000
1801  0.883000
1802  0.763000
1803  0.733000
1804  0.846000
1805  0.815000
1806  0.686000
1807  0.752000
1808  0.817000
1809  0.341000
1810  0.865000
1811  0.924000
1812  0.771000
1813  0.768000
1814  0.566000
1815  0.832000
1816  0.736000
1817  0.749000
1818  0.877000
1819  0.903000
1820  0.800000
1821  0.857000
1822  0.875000
1823  0.847000
1824  0.868000
1825  0.841000
1826  0.758000
1827  0.760000
1828  0.799000
1829  0.768000
1830  0.690000
1831  0.686000
1832  0.764000
1833  0.841000
1834  0.935000
1835  0.897000
1836  0.814000
1837  0.334000
1838  0.342000
1839  0.631000
1840  0.669000
1841  0.685000
1842  0.692000
1843  0.917000
1844  0.862000
1845  0.859000
1846  0.766000
1847  0.826000
1848  0.472000
1849  0.767000
1850  0.695000
1851  0.658000
1852  0.862000
1853  0.736000
1854  0.678000
1855  0.727000
1856  0.742000
1857  0.838000
1858  0.897000
1859  0.602000
1860  0.728000
1861  0.685000
1862  0.747000
1863  0.717000
1864  0.773000
1865  0.865000
1866  0.821000
1867  0.875000
1868  0.151000
1869  0.792000
1870  0.803000
1871  0.413000
1872  0.673000
1873  0.631000
1874  0.863000
1875  0.754000
1876  0.668000
1877  0.832000
1878  0.760000
1879  0.818000
1880  0.850000
1881  0.603000
1882  0.699000
1883  0.680000
1884  0.770000
1885  0.773000
1886  0.794000
1887  0.883000
1888  0.846000
1889  0.056000
1890  0.802000
1891  0.820000
1892  0.727000
1893  0.677000
1894  0.632000
1895  0.794000
1896  0.757000
1897  0.677000
1898  0.750000
1899  0.690000
1900  0.856000
1901  0.834000
1902  0.602000
1903  0.605000
1904  0.560000
1905  0.798000
1906  0.760000
1907  0.767000
1908  0.095000
1909  0.667000
1910  0.789000
1911  0.871000
1912  0.879000
1913  0.515000
1914  0.201000
1915  0.613000
1916  0.624000
1917  0.729000
1918  0.709000
1919  0.507000
1920  0.629000
1921  0.385000
1922  0.154000
1923  0.898000
1924  0.205000
1925  0.119000
1926  0.104000
1927  0.217000
1928  0.743000
1929  0.770000
1930  0.743000
1931  0.893000
1932  0.845000
1933  0.187000
1934  0.129000
1935  0.825000
1936  0.836000
1937  0.790000
1938  0.713000
1939  0.654000
1940  0.778000
1941  0.639000
1942  0.625000
1943  0.784000
1944  0.802000
1945  0.742000
1946  0.917000
1947  0.514000
1948  0.667000
1949  0.762000
1950  0.421000
1951  0.370000
1952  0.380000
1953  0.828000
1954  0.843000
1955  0.113000
1956  0.830000
1957  0.837000
1958  0.716000
1959  0.699000
1960  0.713000
1961  0.786000
1962  0.723000
1963  0.677000
1964  0.774000
1965  0.753000
1966  0.243000
1967  0.457000
1968  0.520000
1969  0.618000
1970  0.690000
1971  0.166000
1972  0.152000
1973  0.646000
1974  0.840000
1975  0.834000
1976  0.878000
1977  0.832000
1978  0.835000
1979  0.477000
1980  0.349000
1981  0.808000
1982  0.756000
1983  0.724000
1984  0.649000
1985  0.767000
1986  0.705000
1987  0.709000
1988  0.805000
1989  0.864000
1990  0.627000
1991  0.545000
1992  0.570000
1993  0.384000
1994  0.279000
1995  0.505000
1996  0.821000
1997  0.881000
1998  0.772000
1999  0.133000
2000  0.112000
2001  0.832000
2002  0.847000
2003  0.243000
2004  0.728000
2005  0.661000
2006  0.555000
2007  0.371000
2008  0.708000
2009  0.750000
2010  0.724000
2011  0.857000
2012  0.842000
2013  0.815000
2014  0.786000
2015  0.716000
2016  0.227000
2017  0.211000
2018  0.301000
2019  0.842000
2020  0.835000
2021  0.761000
2022  0.785000
2023  0.725000
2024  0.805000
2025  0.770000
2026  0.826000
2027  0.762000
2028  0.734000
2029  0.828000
2030  0.781000
2031  0.739000
2032  0.791000
2033  0.784000
2034  0.626000
2035  0.866000
2036  0.914000
2037  0.829000
2038  0.811000
2039  0.781000
2040  0.784000
2041  0.811000
2042  0.405000
2043  0.856000
2044  0.892000
2045  0.826000
2046  0.893000
2047  0.884000
2048  0.858000
2049  0.221000
2050  0.824000
2051  0.769000
2052  0.765000
2053  0.777000
2054  0.772000
2055  0.819000
2056  0.769000
2057  0.781000
2058  0.855000
2059  0.814000
2060  0.780000
2061  0.655000
2062  0.769000
2063  0.824000
2064  0.599000
2065  0.873000
2066  0.866000
2067  0.835000
2068  0.776000
2069  0.866000
2070  0.853000
2071  0.888000
2072  0.875000
2073  0.829000
2074  0.794000
2075  0.803000
2076  0.826000
2077  0.755000
2078  0.847000
2079  0.774000
2080  0.780000
2081  0.882000
2082  0.761000
2083  0.787000
2084  0.698000
2085  0.794000
2086  0.802000
2087  0.411000
