1  0.891000
2  0.843000
3  0.227000
4  0.206000
5  0.808000
6  0.819000
7  0.796000
8  0.725000
9  0.656000
10  0.758000
11  0.715000
12  0.673000
13  0.681000
14  0.369000
15  0.112000
16  0.717000
17  0.928000
18  0.111000
19  0.743000
20  0.753000
21  0.745000
22  0.872000
23  0.778000
24  0.495000
25  0.811000
26  0.847000
27  0.833000
28  0.711000
29  0.668000
30  0.787000
31  0.785000
32  0.655000
33  0.760000
34  0.727000
35  0.670000
36  0.723000
37  0.676000
38  0.726000
39  0.690000
40  0.124000
41  0.108000
42  0.703000
43  0.858000
44  0.789000
45  0.958000
46  0.795000
47  0.828000
48  0.322000
49  0.507000
50  0.744000
51  0.730000
52  0.610000
53  0.653000
54  0.685000
55  0.835000
56  0.753000
57  0.060000
58  0.529000
59  0.802000
60  0.607000
61  0.626000
62  0.700000
63  0.495000
64  0.443000
65  0.195000
66  0.807000
67  0.896000
68  0.808000
69  0.835000
70  0.906000
71  0.187000
72  0.713000
73  0.663000
74  0.646000
75  0.537000
76  0.704000
77  0.779000
78  0.745000
79  0.771000
80  0.852000
81  0.804000
82  0.824000
83  0.789000
84  0.187000
85  0.181000
86  0.140000
87  0.889000
88  0.922000
89  0.877000
90  0.843000
91  0.720000
92  0.883000
93  0.840000
94  0.866000
95  0.853000
96  0.795000
97  0.793000
98  0.700000
99  0.792000
100  0.835000
101  0.692000
102  0.855000
103  0.629000
104  0.848000
105  0.647000
106  0.616000
107  0.535000
108  0.451000
109  0.439000
110  0.221000
111  0.835000
112  0.879000
113  0.887000
114  0.779000
115  0.849000
116  0.872000
117  0.864000
118  0.858000
119  0.810000
120  0.823000
121  0.740000
122  0.580000
123  0.754000
124  0.794000
125  0.546000
126  0.880000
127  0.930000
128  0.628000
129  0.594000
130  0.374000
131  0.432000
132  0.413000
133  0.460000
134  0.783000
135  0.800000
136  0.730000
137  0.097000
138  0.823000
139  0.896000
140  0.854000
141  0.772000
142  0.716000
143  0.820000
144  0.800000
145  0.721000
146  0.773000
147  0.835000
148  0.833000
149  0.890000
150  0.768000
151  0.759000
152  0.738000
153  0.636000
154  0.476000
155  0.698000
156  0.916000
157  0.874000
158  0.816000
159  0.246000
160  0.859000
161  0.870000
162  0.484000
163  0.782000
164  0.768000
165  0.803000
166  0.842000
167  0.738000
168  0.823000
169  0.866000
170  0.845000
171  0.838000
172  0.465000
173  0.420000
174  0.752000
175  0.821000
176  0.797000
177  0.754000
178  0.872000
179  0.818000
180  0.851000
181  0.920000
182  0.865000
183  0.147000
184  0.755000
185  0.742000
186  0.706000
187  0.717000
188  0.658000
189  0.624000
190  0.382000
191  0.053000
192  0.867000
193  0.453000
194  0.324000
195  0.351000
196  0.125000
197  0.774000
198  0.739000
199  0.783000
200  0.908000
201  0.862000
202  0.872000
203  0.928000
204  0.826000
205  0.894000
206  0.898000
207  0.845000
208  0.814000
209  0.791000
210  0.844000
211  0.744000
212  0.808000
213  0.801000
214  0.758000
215  0.747000
216  0.874000
217  0.852000
218  0.734000
219  0.688000
220  0.411000
221  0.704000
222  0.656000
223  0.597000
224  0.822000
225  0.841000
226  0.787000
227  0.143000
228  0.913000
229  0.879000
230  0.914000
231  0.805000
232  0.798000
233  0.808000
234  0.789000
235  0.777000
236  0.807000
237  0.839000
238  0.926000
239  0.868000
240  0.767000
241  0.785000
242  0.531000
243  0.659000
244  0.653000
245  0.675000
246  0.921000
247  0.925000
248  0.869000
249  0.885000
250  0.764000
251  0.821000
252  0.876000
253  0.756000
254  0.797000
255  0.795000
256  0.815000
257  0.807000
258  0.782000
259  0.731000
260  0.496000
261  0.859000
262  0.855000
263  0.659000
264  0.919000
265  0.331000
266  0.306000
267  0.204000
268  0.688000
269  0.711000
270  0.635000
271  0.811000
272  0.923000
273  0.790000
274  0.866000
275  0.834000
276  0.832000
277  0.904000
278  0.841000
279  0.781000
280  0.716000
281  0.558000
282  0.647000
283  0.758000
284  0.517000
285  0.502000
286  0.869000
287  0.876000
288  0.461000
289  0.868000
290  0.389000
291  0.376000
292  0.212000
293  0.685000
294  0.616000
295  0.666000
296  0.917000
297  0.831000
298  0.839000
299  0.862000
300  0.795000
301  0.896000
302  0.908000
303  0.811000
304  0.813000
305  0.736000
306  0.774000
307  0.730000
308  0.773000
309  0.787000
310  0.690000
311  0.888000
312  0.869000
313  0.827000
314  0.659000
315  0.603000
316  0.631000
317  0.517000
318  0.453000
319  0.509000
320  0.805000
321  0.781000
322  0.819000
323  0.889000
324  0.766000
325  0.750000
326  0.866000
327  0.806000
328  0.532000
329  0.585000
330  0.669000
331  0.754000
332  0.404000
333  0.464000
334  0.524000
335  0.758000
336  0.494000
337  0.700000
338  0.173000
339  0.136000
340  0.289000
341  0.794000
342  0.793000
343  0.794000
344  0.899000
345  0.895000
346  0.811000
347  0.886000
348  0.773000
349  0.872000
350  0.863000
351  0.839000
352  0.769000
353  0.704000
354  0.787000
355  0.757000
356  0.768000
357  0.751000
358  0.727000
359  0.883000
360  0.863000
361  0.881000
362  0.777000
363  0.910000
364  0.784000
365  0.384000
366  0.691000
367  0.693000
368  0.596000
369  0.907000
370  0.883000
371  0.825000
372  0.903000
373  0.868000
374  0.808000
375  0.864000
376  0.806000
377  0.680000
378  0.669000
379  0.744000
380  0.789000
381  0.649000
382  0.761000
383  0.776000
384  0.828000
385  0.845000
386  0.819000
387  0.770000
388  0.682000
389  0.713000
390  0.731000
391  0.660000
392  0.737000
393  0.872000
394  0.811000
395  0.772000
396  0.416000
397  0.160000
398  0.800000
399  0.874000
400  0.782000
401  0.657000
402  0.586000
403  0.684000
404  0.598000
405  0.613000
406  0.703000
407  0.695000
408  0.952000
409  0.902000
410  0.196000
411  0.795000
412  0.550000
413  0.495000
414  0.607000
415  0.559000
416  0.880000
417  0.860000
418  0.813000
419  0.842000
420  0.815000
421  0.785000
422  0.860000
423  0.799000
424  0.692000
425  0.663000
426  0.717000
427  0.690000
428  0.652000
429  0.780000
430  0.662000
431  0.819000
432  0.895000
433  0.868000
434  0.898000
435  0.612000
436  0.542000
437  0.571000
438  0.316000
439  0.310000
440  0.582000
441  0.892000
442  0.795000
443  0.759000
444  0.854000
445  0.793000
446  0.773000
447  0.881000
448  0.798000
449  0.629000
450  0.552000
451  0.645000
452  0.769000
453  0.581000
454  0.705000
455  0.688000
456  0.097000
457  0.855000
458  0.909000
459  0.607000
460  0.531000
461  0.652000
462  0.695000
463  0.659000
464  0.771000
465  0.806000
466  0.828000
467  0.808000
468  0.376000
469  0.703000
470  0.738000
471  0.790000
472  0.714000
473  0.675000
474  0.637000
475  0.732000
476  0.675000
477  0.637000
478  0.739000
479  0.759000
480  0.863000
481  0.885000
482  0.760000
483  0.781000
484  0.692000
485  0.535000
486  0.486000
487  0.460000
488  0.338000
489  0.909000
490  0.817000
491  0.908000
492  0.847000
493  0.789000
494  0.857000
495  0.851000
496  0.691000
497  0.654000
498  0.779000
499  0.693000
500  0.667000
501  0.740000
502  0.745000
503  0.513000
504  0.186000
505  0.869000
506  0.617000
507  0.664000
508  0.695000
509  0.567000
510  0.614000
511  0.605000
512  0.847000
513  0.878000
514  0.816000
515  0.829000
516  0.877000
517  0.842000
518  0.789000
519  0.809000
520  0.606000
521  0.393000
522  0.769000
523  0.810000
524  0.551000
525  0.742000
526  0.770000
527  0.814000
528  0.811000
529  0.783000
530  0.700000
531  0.632000
532  0.782000
533  0.780000
534  0.578000
535  0.841000
536  0.868000
537  0.747000
538  0.808000
539  0.807000
540  0.819000
541  0.840000
542  0.830000
543  0.753000
544  0.755000
545  0.835000
546  0.801000
547  0.704000
548  0.699000
549  0.832000
550  0.478000
551  0.871000
552  0.878000
553  0.800000
554  0.795000
555  0.550000
556  0.792000
557  0.707000
558  0.755000
559  0.843000
560  0.873000
561  0.854000
562  0.836000
563  0.741000
564  0.786000
565  0.703000
566  0.768000
567  0.725000
568  0.710000
569  0.758000
570  0.805000
571  0.689000
572  0.741000
573  0.833000
574  0.140000
575  0.834000
576  0.872000
577  0.790000
578  0.771000
579  0.559000
580  0.774000
581  0.711000
582  0.761000
583  0.861000
584  0.855000
585  0.838000
586  0.647000
587  0.052000
588  0.799000
589  0.868000
590  0.157000
591  0.649000
592  0.645000
593  0.714000
594  0.767000
595  0.631000
596  0.726000
597  0.754000
598  0.859000
599  0.887000
600  0.715000
601  0.681000
602  0.641000
603  0.721000
604  0.625000
605  0.770000
606  0.243000
607  0.801000
608  0.609000
609  0.714000
610  0.220000
611  0.804000
612  0.697000
613  0.633000
614  0.655000
615  0.560000
616  0.720000
617  0.731000
618  0.617000
619  0.803000
620  0.780000
621  0.418000
622  0.725000
623  0.782000
624  0.806000
625  0.750000
626  0.747000
627  0.622000
628  0.713000
629  0.922000
630  0.715000
631  0.615000
632  0.251000
633  0.285000
634  0.776000
635  0.779000
636  0.559000
637  0.634000
638  0.578000
639  0.803000
640  0.776000
641  0.632000
642  0.797000
643  0.742000
644  0.829000
645  0.898000
646  0.785000
647  0.674000
648  0.607000
649  0.557000
650  0.537000
651  0.688000
652  0.901000
653  0.855000
654  0.846000
655  0.726000
656  0.688000
657  0.731000
658  0.880000
659  0.711000
660  0.714000
661  0.661000
662  0.664000
663  0.760000
664  0.710000
665  0.776000
666  0.826000
667  0.897000
668  0.255000
669  0.892000
670  0.833000
671  0.773000
672  0.804000
673  0.771000
674  0.725000
675  0.490000
676  0.960000
677  0.825000
678  0.765000
679  0.621000
680  0.895000
681  0.799000
682  0.811000
683  0.823000
684  0.682000
685  0.615000
686  0.582000
687  0.795000
688  0.702000
689  0.797000
690  0.759000
691  0.798000
692  0.174000
693  0.613000
694  0.802000
695  0.744000
696  0.793000
697  0.752000
698  0.723000
699  0.581000
700  0.901000
701  0.765000
702  0.757000
703  0.863000
704  0.732000
705  0.712000
706  0.252000
707  0.062000
708  0.661000
709  0.643000
710  0.758000
711  0.755000
712  0.644000
713  0.859000
714  0.762000
715  0.808000
716  0.837000
717  0.602000
718  0.529000
719  0.671000
720  0.759000
721  0.774000
722  0.739000
723  0.875000
724  0.828000
725  0.687000
726  0.745000
727  0.812000
728  0.793000
729  0.868000
730  0.861000
731  0.621000
732  0.607000
733  0.735000
734  0.746000
735  0.513000
736  0.658000
737  0.641000
738  0.842000
739  0.697000
740  0.573000
741  0.065000
742  0.541000
743  0.741000
744  0.724000
745  0.665000
746  0.868000
747  0.886000
748  0.799000
749  0.864000
750  0.771000
751  0.797000
752  0.855000
753  0.847000
754  0.637000
755  0.656000
756  0.752000
757  0.533000
758  0.638000
759  0.519000
760  0.261000
761  0.831000
762  0.912000
763  0.847000
764  0.849000
765  0.115000
766  0.147000
767  0.650000
768  0.521000
769  0.489000
770  0.847000
771  0.859000
772  0.790000
773  0.880000
774  0.841000
775  0.814000
776  0.730000
777  0.602000
778  0.703000
779  0.674000
780  0.669000
781  0.800000
782  0.696000
783  0.680000
784  0.746000
785  0.830000
786  0.902000
787  0.864000
788  0.095000
789  0.801000
790  0.847000
791  0.610000
792  0.725000
793  0.737000
794  0.519000
795  0.854000
796  0.888000
797  0.783000
798  0.811000
799  0.788000
800  0.895000
801  0.863000
802  0.850000
803  0.711000
804  0.731000
805  0.793000
806  0.750000
807  0.716000
808  0.745000
809  0.839000
810  0.823000
811  0.847000
812  0.803000
813  0.746000
814  0.800000
815  0.773000
816  0.529000
817  0.637000
818  0.639000
819  0.550000
820  0.889000
821  0.885000
822  0.834000
823  0.912000
824  0.783000
825  0.846000
826  0.887000
827  0.824000
828  0.726000
829  0.725000
830  0.786000
831  0.791000
832  0.690000
833  0.748000
834  0.824000
835  0.892000
836  0.882000
837  0.883000
838  0.764000
839  0.797000
840  0.818000
841  0.632000
842  0.715000
843  0.735000
844  0.596000
845  0.562000
846  0.863000
847  0.783000
848  0.843000
849  0.806000
850  0.804000
851  0.822000
852  0.706000
853  0.688000
854  0.691000
855  0.721000
856  0.783000
857  0.673000
858  0.688000
859  0.833000
860  0.641000
861  0.601000
862  0.728000
863  0.371000
864  0.893000
865  0.843000
866  0.639000
867  0.707000
868  0.695000
869  0.624000
870  0.840000
871  0.853000
872  0.825000
873  0.825000
874  0.867000
875  0.836000
876  0.883000
877  0.746000
878  0.684000
879  0.669000
880  0.766000
881  0.814000
882  0.702000
883  0.707000
884  0.809000
885  0.930000
886  0.939000
887  0.888000
888  0.824000
889  0.852000
890  0.827000
891  0.690000
892  0.728000
893  0.745000
894  0.646000
895  0.830000
896  0.815000
897  0.786000
898  0.864000
899  0.872000
900  0.843000
901  0.823000
902  0.745000
903  0.698000
904  0.697000
905  0.808000
906  0.819000
907  0.713000
908  0.765000
909  0.770000
910  0.901000
911  0.950000
912  0.853000
913  0.831000
914  0.875000
915  0.820000
916  0.669000
917  0.802000
918  0.813000
919  0.672000
920  0.833000
921  0.819000
922  0.784000
923  0.890000
924  0.890000
925  0.844000
926  0.796000
927  0.781000
928  0.704000
929  0.698000
930  0.782000
931  0.795000
932  0.723000
933  0.760000
934  0.771000
935  0.897000
936  0.950000
937  0.867000
938  0.835000
939  0.860000
940  0.797000
941  0.707000
942  0.790000
943  0.782000
944  0.652000
945  0.908000
946  0.911000
947  0.820000
948  0.868000
949  0.736000
950  0.818000
951  0.861000
952  0.769000
953  0.656000
954  0.624000
955  0.713000
956  0.800000
957  0.662000
958  0.737000
959  0.776000
960  0.810000
961  0.865000
962  0.759000
963  0.530000
964  0.803000
965  0.815000
966  0.646000
967  0.739000
968  0.777000
969  0.650000
970  0.908000
971  0.911000
972  0.820000
973  0.868000
974  0.736000
975  0.818000
976  0.861000
977  0.769000
978  0.656000
979  0.624000
980  0.713000
981  0.800000
982  0.662000
983  0.737000
984  0.776000
985  0.810000
986  0.865000
987  0.759000
988  0.530000
989  0.803000
990  0.815000
991  0.646000
992  0.739000
993  0.777000
994  0.650000
995  0.908000
996  0.911000
997  0.820000
998  0.868000
999  0.736000
1000  0.818000
1001  0.861000
1002  0.769000
1003  0.656000
1004  0.624000
1005  0.713000
1006  0.800000
1007  0.662000
1008  0.737000
1009  0.776000
1010  0.810000
1011  0.865000
1012  0.759000
1013  0.530000
1014  0.803000
1015  0.815000
1016  0.646000
1017  0.739000
1018  0.777000
1019  0.650000
1020  0.908000
1021  0.911000
1022  0.820000
1023  0.868000
1024  0.736000
1025  0.818000
1026  0.861000
1027  0.769000
1028  0.656000
1029  0.624000
1030  0.713000
1031  0.800000
1032  0.662000
1033  0.737000
1034  0.776000
1035  0.810000
1036  0.865000
1037  0.759000
1038  0.530000
1039  0.803000
1040  0.815000
1041  0.646000
1042  0.739000
1043  0.777000
1044  0.650000
1045  0.908000
1046  0.911000
1047  0.820000
1048  0.868000
1049  0.736000
1050  0.818000
1051  0.861000
1052  0.769000
1053  0.656000
1054  0.624000
1055  0.713000
1056  0.800000
1057  0.662000
1058  0.737000
1059  0.776000
1060  0.810000
1061  0.865000
1062  0.759000
1063  0.530000
1064  0.803000
1065  0.815000
1066  0.646000
1067  0.739000
1068  0.777000
1069  0.650000
1070  0.908000
1071  0.911000
1072  0.820000
1073  0.868000
1074  0.736000
1075  0.818000
1076  0.861000
1077  0.769000
1078  0.656000
1079  0.624000
1080  0.713000
1081  0.800000
1082  0.662000
1083  0.737000
1084  0.776000
1085  0.810000
1086  0.865000
1087  0.759000
1088  0.530000
1089  0.803000
1090  0.815000
1091  0.646000
1092  0.739000
1093  0.777000
1094  0.650000
1095  0.908000
1096  0.911000
1097  0.820000
1098  0.868000
1099  0.736000
1100  0.818000
1101  0.861000
1102  0.769000
1103  0.656000
1104  0.624000
1105  0.713000
1106  0.800000
1107  0.662000
1108  0.737000
1109  0.776000
1110  0.810000
1111  0.865000
1112  0.759000
1113  0.530000
1114  0.803000
1115  0.815000
1116  0.646000
1117  0.739000
1118  0.777000
1119  0.650000
1120  0.908000
1121  0.911000
1122  0.820000
1123  0.868000
1124  0.736000
1125  0.818000
1126  0.861000
1127  0.769000
1128  0.656000
1129  0.624000
1130  0.713000
1131  0.800000
1132  0.662000
1133  0.737000
1134  0.776000
1135  0.810000
1136  0.865000
1137  0.759000
1138  0.530000
1139  0.803000
1140  0.815000
1141  0.646000
1142  0.739000
1143  0.777000
1144  0.650000
1145  0.908000
1146  0.911000
1147  0.820000
1148  0.868000
1149  0.736000
1150  0.818000
1151  0.861000
1152  0.769000
1153  0.656000
1154  0.624000
1155  0.713000
1156  0.800000
1157  0.662000
1158  0.737000
1159  0.776000
1160  0.810000
1161  0.865000
1162  0.759000
1163  0.530000
1164  0.803000
1165  0.815000
1166  0.646000
1167  0.739000
1168  0.777000
1169  0.650000
1170  0.908000
1171  0.911000
1172  0.820000
1173  0.868000
1174  0.736000
1175  0.818000
1176  0.861000
1177  0.769000
1178  0.656000
1179  0.624000
1180  0.713000
1181  0.800000
1182  0.662000
1183  0.737000
1184  0.776000
1185  0.810000
1186  0.865000
1187  0.759000
1188  0.530000
1189  0.803000
1190  0.815000
1191  0.646000
1192  0.739000
1193  0.777000
1194  0.650000
1195  0.908000
1196  0.911000
1197  0.820000
1198  0.868000
1199  0.736000
1200  0.818000
1201  0.861000
1202  0.769000
1203  0.656000
1204  0.624000
1205  0.713000
1206  0.800000
1207  0.662000
1208  0.737000
1209  0.776000
1210  0.810000
1211  0.865000
1212  0.759000
1213  0.530000
1214  0.803000
1215  0.815000
1216  0.646000
1217  0.739000
1218  0.777000
1219  0.650000
1220  0.908000
1221  0.911000
1222  0.820000
1223  0.868000
1224  0.736000
1225  0.818000
1226  0.861000
1227  0.769000
1228  0.656000
1229  0.624000
1230  0.713000
1231  0.800000
1232  0.662000
1233  0.737000
1234  0.776000
1235  0.810000
1236  0.865000
1237  0.759000
1238  0.530000
1239  0.803000
1240  0.815000
1241  0.646000
1242  0.739000
1243  0.777000
1244  0.650000
1245  0.908000
1246  0.911000
1247  0.820000
1248  0.868000
1249  0.736000
1250  0.818000
1251  0.861000
1252  0.769000
1253  0.656000
1254  0.624000
1255  0.713000
1256  0.800000
1257  0.662000
1258  0.737000
1259  0.776000
1260  0.810000
1261  0.865000
1262  0.759000
1263  0.530000
1264  0.803000
1265  0.815000
1266  0.646000
1267  0.739000
1268  0.777000
1269  0.650000
1270  0.908000
1271  0.911000
1272  0.820000
1273  0.868000
1274  0.736000
1275  0.818000
1276  0.861000
1277  0.769000
1278  0.656000
1279  0.624000
1280  0.713000
1281  0.800000
1282  0.662000
1283  0.737000
1284  0.776000
1285  0.810000
1286  0.865000
1287  0.759000
1288  0.530000
1289  0.803000
1290  0.815000
1291  0.646000
1292  0.739000
1293  0.777000
1294  0.650000
1295  0.871000
1296  0.901000
1297  0.848000
1298  0.828000
1299  0.760000
1300  0.855000
1301  0.781000
1302  0.765000
1303  0.696000
1304  0.673000
1305  0.694000
1306  0.801000
1307  0.700000
1308  0.752000
1309  0.764000
1310  0.855000
1311  0.905000
1312  0.847000
1313  0.885000
1314  0.794000
1315  0.809000
1316  0.633000
1317  0.751000
1318  0.814000
1319  0.641000
1320  0.912000
1321  0.908000
1322  0.816000
1323  0.890000
1324  0.868000
1325  0.812000
1326  0.911000
1327  0.797000
1328  0.678000
1329  0.657000
1330  0.702000
1331  0.812000
1332  0.688000
1333  0.761000
1334  0.781000
1335  0.828000
1336  0.921000
1337  0.897000
1338  0.836000
1339  0.798000
1340  0.819000
1341  0.582000
1342  0.751000
1343  0.817000
1344  0.664000
1345  0.915000
1346  0.910000
1347  0.866000
1348  0.620000
1349  0.732000
1350  0.856000
1351  0.840000
1352  0.771000
1353  0.678000
1354  0.655000
1355  0.734000
1356  0.727000
1357  0.673000
1358  0.726000
1359  0.779000
1360  0.892000
1361  0.934000
1362  0.236000
1363  0.809000
1364  0.743000
1365  0.808000
1366  0.605000
1367  0.723000
1368  0.766000
1369  0.610000
1370  0.573000
1371  0.928000
1372  0.808000
1373  0.829000
1374  0.811000
1375  0.835000
1376  0.881000
1377  0.834000
1378  0.645000
1379  0.627000
1380  0.714000
1381  0.802000
1382  0.652000
1383  0.744000
1384  0.788000
1385  0.671000
1386  0.660000
1387  0.737000
1388  0.101000
1389  0.805000
1390  0.805000
1391  0.643000
1392  0.773000
1393  0.826000
1394  0.693000
1395  0.849000
1396  0.872000
1397  0.797000
1398  0.872000
1399  0.808000
1400  0.824000
1401  0.627000
1402  0.549000
1403  0.747000
1404  0.725000
1405  0.724000
1406  0.753000
1407  0.698000
1408  0.803000
1409  0.782000
1410  0.892000
1411  0.857000
1412  0.816000
1413  0.076000
1414  0.735000
1415  0.773000
1416  0.760000
1417  0.752000
1418  0.675000
1419  0.608000
1420  0.896000
1421  0.825000
1422  0.784000
1423  0.785000
1424  0.843000
1425  0.829000
1426  0.910000
1427  0.861000
1428  0.740000
1429  0.732000
1430  0.850000
1431  0.803000
1432  0.732000
1433  0.768000
1434  0.805000
1435  0.867000
1436  0.938000
1437  0.872000
1438  0.871000
1439  0.798000
1440  0.768000
1441  0.765000
1442  0.809000
1443  0.704000
1444  0.712000
1445  0.762000
1446  0.856000
1447  0.819000
1448  0.512000
1449  0.623000
1450  0.729000
1451  0.785000
1452  0.869000
1453  0.754000
1454  0.690000
1455  0.807000
1456  0.799000
1457  0.712000
1458  0.818000
1459  0.774000
1460  0.804000
1461  0.939000
1462  0.470000
1463  0.896000
1464  0.810000
1465  0.791000
1466  0.835000
1467  0.795000
1468  0.693000
1469  0.715000
1470  0.898000
1471  0.784000
1472  0.774000
1473  0.870000
1474  0.861000
1475  0.826000
1476  0.760000
1477  0.589000
1478  0.732000
1479  0.691000
1480  0.773000
1481  0.809000
1482  0.706000
1483  0.832000
1484  0.777000
1485  0.832000
1486  0.820000
1487  0.917000
1488  0.635000
1489  0.844000
1490  0.789000
1491  0.831000
1492  0.788000
1493  0.688000
1494  0.736000
1495  0.875000
1496  0.911000
1497  0.847000
1498  0.789000
1499  0.788000
1500  0.901000
1501  0.457000
1502  0.570000
1503  0.695000
1504  0.670000
1505  0.813000
1506  0.800000
1507  0.704000
1508  0.793000
1509  0.808000
1510  0.892000
1511  0.908000
1512  0.855000
1513  0.915000
1514  0.809000
1515  0.774000
1516  0.780000
1517  0.781000
1518  0.681000
1519  0.759000
1520  0.819000
1521  0.858000
1522  0.781000
1523  0.570000
1524  0.265000
1525  0.831000
1526  0.878000
1527  0.894000
1528  0.720000
1529  0.709000
1530  0.785000
1531  0.689000
1532  0.677000
1533  0.710000
1534  0.633000
1535  0.881000
1536  0.901000
1537  0.506000
1538  0.919000
1539  0.711000
1540  0.610000
1541  0.501000
1542  0.145000
1543  0.147000
1544  0.595000
1545  0.859000
1546  0.828000
1547  0.799000
1548  0.901000
1549  0.871000
1550  0.828000
1551  0.829000
1552  0.845000
1553  0.756000
1554  0.714000
1555  0.769000
1556  0.690000
1557  0.727000
1558  0.823000
1559  0.699000
1560  0.819000
1561  0.954000
1562  0.819000
1563  0.703000
1564  0.610000
1565  0.603000
1566  0.238000
1567  0.217000
1568  0.705000
1569  0.441000
1570  0.892000
1571  0.811000
1572  0.936000
1573  0.734000
1574  0.792000
1575  0.737000
1576  0.128000
1577  0.631000
1578  0.668000
1579  0.685000
1580  0.718000
1581  0.579000
1582  0.685000
1583  0.680000
1584  0.613000
1585  0.082000
1586  0.819000
1587  0.647000
1588  0.619000
1589  0.566000
1590  0.433000
1591  0.387000
1592  0.699000
1593  0.814000
1594  0.803000
1595  0.749000
1596  0.093000
1597  0.361000
1598  0.762000
1599  0.757000
1600  0.852000
1601  0.688000
1602  0.615000
1603  0.727000
1604  0.776000
1605  0.621000
1606  0.795000
1607  0.686000
1608  0.810000
1609  0.881000
1610  0.178000
1611  0.625000
1612  0.712000
1613  0.635000
1614  0.660000
1615  0.747000
1616  0.688000
1617  0.730000
1618  0.919000
1619  0.893000
1620  0.777000
1621  0.754000
1622  0.718000
1623  0.813000
1624  0.871000
1625  0.762000
1626  0.704000
1627  0.680000
1628  0.675000
1629  0.776000
1630  0.671000
1631  0.740000
1632  0.689000
1633  0.911000
1634  0.942000
1635  0.788000
1636  0.871000
1637  0.654000
1638  0.578000
1639  0.642000
1640  0.743000
1641  0.688000
1642  0.703000
1643  0.902000
1644  0.896000
1645  0.766000
1646  0.819000
1647  0.676000
1648  0.789000
1649  0.787000
1650  0.749000
1651  0.780000
1652  0.721000
1653  0.778000
1654  0.681000
1655  0.729000
1656  0.760000
1657  0.703000
1658  0.801000
1659  0.936000
1660  0.096000
1661  0.879000
1662  0.756000
1663  0.673000
1664  0.486000
1665  0.133000
1666  0.672000
1667  0.863000
1668  0.849000
1669  0.824000
1670  0.788000
1671  0.874000
1672  0.841000
1673  0.820000
1674  0.851000
1675  0.688000
1676  0.689000
1677  0.750000
1678  0.679000
1679  0.652000
1680  0.694000
1681  0.689000
1682  0.849000
1683  0.906000
1684  0.562000
1685  0.885000
1686  0.754000
1687  0.706000
1688  0.412000
1689  0.094000
1690  0.595000
1691  0.813000
1692  0.878000
1693  0.849000
1694  0.813000
1695  0.734000
1696  0.798000
1697  0.834000
1698  0.715000
1699  0.748000
1700  0.699000
1701  0.858000
1702  0.818000
1703  0.747000
1704  0.860000
1705  0.777000
1706  0.905000
1707  0.879000
1708  0.876000
1709  0.320000
1710  0.824000
1711  0.766000
1712  0.833000
1713  0.828000
1714  0.722000
1715  0.743000
1716  0.873000
1717  0.861000
1718  0.751000
1719  0.589000
1720  0.412000
1721  0.804000
1722  0.771000
1723  0.815000
1724  0.745000
1725  0.708000
1726  0.813000
1727  0.828000
1728  0.724000
1729  0.796000
1730  0.796000
1731  0.837000
1732  0.888000
1733  0.753000
1734  0.541000
1735  0.842000
1736  0.756000
1737  0.711000
1738  0.852000
1739  0.772000
1740  0.760000
1741  0.794000
1742  0.890000
1743  0.851000
1744  0.782000
1745  0.827000
1746  0.827000
1747  0.874000
1748  0.884000
1749  0.742000
1750  0.724000
1751  0.819000
1752  0.662000
1753  0.719000
1754  0.782000
1755  0.702000
1756  0.800000
1757  0.942000
1758  0.517000
1759  0.369000
1760  0.189000
1761  0.163000
1762  0.633000
1763  0.523000
1764  0.468000
1765  0.618000
1766  0.892000
1767  0.816000
1768  0.881000
1769  0.747000
1770  0.796000
1771  0.849000
1772  0.829000
1773  0.653000
1774  0.632000
1775  0.741000
1776  0.567000
1777  0.645000
1778  0.656000
1779  0.462000
1780  0.170000
1781  0.859000
1782  0.232000
1783  0.420000
1784  0.446000
1785  0.112000
1786  0.103000
1787  0.179000
1788  0.509000
1789  0.871000
1790  0.846000
1791  0.731000
1792  0.828000
1793  0.790000
1794  0.806000
1795  0.350000
1796  0.652000
1797  0.657000
1798  0.789000
1799  0.579000
1800  0.644000
1801  0.452000
1802  0.397000
1803  0.896000
1804  0.908000
1805  0.849000
1806  0.846000
1807  0.112000
1808  0.279000
1809  0.684000
1810  0.622000
1811  0.600000
1812  0.815000
1813  0.794000
1814  0.770000
1815  0.701000
1816  0.747000
1817  0.712000
1818  0.813000
1819  0.792000
1820  0.698000
1821  0.681000
1822  0.822000
1823  0.606000
1824  0.693000
1825  0.605000
1826  0.179000
1827  0.798000
1828  0.878000
1829  0.811000
1830  0.103000
1831  0.082000
1832  0.649000
1833  0.611000
1834  0.636000
1835  0.753000
1836  0.863000
1837  0.777000
1838  0.884000
1839  0.844000
1840  0.796000
1841  0.862000
1842  0.435000
1843  0.771000
1844  0.755000
1845  0.752000
1846  0.692000
1847  0.710000
1848  0.802000
1849  0.702000
1850  0.713000
1851  0.767000
1852  0.659000
1853  0.220000
1854  0.761000
1855  0.704000
1856  0.380000
1857  0.738000
1858  0.698000
1859  0.519000
1860  0.850000
1861  0.846000
1862  0.847000
1863  0.543000
1864  0.525000
1865  0.848000
1866  0.387000
1867  0.321000
1868  0.723000
1869  0.688000
1870  0.711000
1871  0.801000
1872  0.731000
1873  0.806000
1874  0.759000
1875  0.907000
1876  0.935000
1877  0.497000
1878  0.851000
1879  0.814000
1880  0.721000
1881  0.750000
1882  0.755000
1883  0.724000
1884  0.676000
1885  0.897000
1886  0.807000
1887  0.808000
1888  0.811000
1889  0.674000
1890  0.767000
1891  0.597000
1892  0.779000
1893  0.780000
1894  0.728000
1895  0.821000
1896  0.798000
1897  0.740000
1898  0.819000
1899  0.809000
1900  0.867000
1901  0.894000
1902  0.831000
1903  0.899000
1904  0.736000
1905  0.827000
1906  0.705000
1907  0.814000
1908  0.720000
1909  0.771000
1910  0.845000
1911  0.833000
1912  0.785000
1913  0.354000
1914  0.258000
1915  0.795000
1916  0.708000
1917  0.734000
1918  0.764000
1919  0.726000
1920  0.787000
1921  0.799000
1922  0.768000
1923  0.844000
1924  0.766000
1925  0.937000
1926  0.704000
1927  0.879000
1928  0.717000
1929  0.752000
1930  0.737000
1931  0.785000
1932  0.708000
1933  0.719000
1934  0.851000
1935  0.866000
1936  0.821000
1937  0.888000
1938  0.852000
1939  0.868000
1940  0.814000
1941  0.768000
1942  0.735000
1943  0.684000
1944  0.681000
1945  0.794000
1946  0.740000
1947  0.865000
1948  0.791000
1949  0.924000
1950  0.210000
1951  0.851000
1952  0.805000
1953  0.801000
1954  0.724000
1955  0.751000
1956  0.795000
1957  0.545000
1958  0.828000
1959  0.838000
1960  0.761000
1961  0.849000
1962  0.553000
1963  0.850000
1964  0.797000
1965  0.679000
1966  0.741000
1967  0.712000
1968  0.827000
1969  0.802000
1970  0.719000
1971  0.768000
1972  0.801000
1973  0.626000
1974  0.785000
1975  0.833000
1976  0.794000
1977  0.814000
1978  0.769000
1979  0.721000
1980  0.690000
1981  0.761000
1982  0.880000
1983  0.926000
1984  0.781000
1985  0.924000
1986  0.789000
1987  0.797000
1988  0.861000
1989  0.797000
1990  0.770000
1991  0.718000
1992  0.866000
1993  0.795000
1994  0.713000
1995  0.737000
1996  0.783000
1997  0.093000
1998  0.839000
1999  0.880000
2000  0.766000
2001  0.864000
2002  0.545000
2003  0.767000
2004  0.717000
2005  0.743000
2006  0.109000
2007  0.792000
2008  0.652000
2009  0.814000
2010  0.746000
2011  0.737000
2012  0.223000
2013  0.651000
2014  0.639000
2015  0.717000
2016  0.750000
2017  0.580000
2018  0.758000
2019  0.709000
2020  0.133000
2021  0.325000
2022  0.196000
2023  0.681000
2024  0.626000
2025  0.628000
2026  0.778000
2027  0.674000
2028  0.734000
2029  0.919000
2030  0.853000
2031  0.884000
2032  0.828000
2033  0.843000
2034  0.883000
2035  0.720000
2036  0.730000
2037  0.691000
2038  0.831000
2039  0.793000
2040  0.708000
2041  0.835000
2042  0.781000
2043  0.835000
2044  0.855000
2045  0.721000
2046  0.738000
2047  0.750000
2048  0.710000
2049  0.780000
2050  0.799000
2051  0.904000
2052  0.885000
2053  0.851000
2054  0.882000
2055  0.814000
2056  0.838000
2057  0.288000
2058  0.694000
2059  0.643000
2060  0.736000
2061  0.719000
2062  0.675000
2063  0.661000
2064  0.470000
2065  0.846000
2066  0.863000
2067  0.164000
2068  0.193000
2069  0.777000
2070  0.790000
2071  0.724000
2072  0.920000
2073  0.863000
2074  0.771000
2075  0.870000
2076  0.821000
2077  0.876000
2078  0.456000
2079  0.666000
2080  0.675000
2081  0.724000
2082  0.680000
2083  0.665000
2084  0.632000
2085  0.496000
2086  0.894000
2087  0.846000
2088  0.174000
2089  0.134000
2090  0.383000
2091  0.798000
2092  0.759000
2093  0.663000
