1  0.901000
2  0.897000
3  0.795000
4  0.867000
5  0.803000
6  0.833000
7  0.873000
8  0.859000
9  0.722000
10  0.688000
11  0.769000
12  0.773000
13  0.716000
14  0.785000
15  0.766000
16  0.873000
17  0.866000
18  0.886000
19  0.843000
20  0.793000
21  0.777000
22  0.822000
23  0.808000
24  0.772000
25  0.748000
26  0.935000
27  0.818000
28  0.818000
29  0.781000
30  0.774000
31  0.789000
32  0.810000
33  0.676000
34  0.702000
35  0.682000
36  0.768000
37  0.776000
38  0.707000
39  0.798000
40  0.767000
41  0.850000
42  0.852000
43  0.812000
44  0.835000
45  0.832000
46  0.773000
47  0.823000
48  0.803000
49  0.772000
50  0.770000
51  0.926000
52  0.881000
53  0.776000
54  0.787000
55  0.828000
56  0.746000
57  0.831000
58  0.831000
59  0.709000
60  0.690000
61  0.766000
62  0.770000
63  0.700000
64  0.787000
65  0.774000
66  0.871000
67  0.843000
68  0.896000
69  0.891000
70  0.871000
71  0.780000
72  0.836000
73  0.804000
74  0.757000
75  0.759000
76  0.893000
77  0.894000
78  0.808000
79  0.293000
80  0.237000
81  0.758000
82  0.414000
83  0.479000
84  0.711000
85  0.685000
86  0.780000
87  0.781000
88  0.707000
89  0.808000
90  0.772000
91  0.876000
92  0.828000
93  0.867000
94  0.773000
95  0.807000
96  0.772000
97  0.811000
98  0.791000
99  0.763000
100  0.775000
101  0.900000
102  0.883000
103  0.804000
104  0.564000
105  0.680000
106  0.778000
107  0.793000
108  0.750000
109  0.719000
110  0.680000
111  0.769000
112  0.768000
113  0.717000
114  0.777000
115  0.767000
116  0.842000
117  0.909000
118  0.862000
119  0.484000
120  0.793000
121  0.776000
122  0.743000
123  0.797000
124  0.754000
125  0.753000
126  0.856000
127  0.806000
128  0.698000
129  0.807000
130  0.319000
131  0.821000
132  0.860000
133  0.867000
134  0.610000
135  0.597000
136  0.736000
137  0.814000
138  0.623000
139  0.786000
140  0.837000
141  0.891000
142  0.937000
143  0.918000
144  0.861000
145  0.754000
146  0.700000
147  0.755000
148  0.741000
149  0.718000
150  0.921000
151  0.832000
152  0.760000
153  0.815000
154  0.626000
155  0.798000
156  0.870000
157  0.840000
158  0.725000
159  0.714000
160  0.826000
161  0.784000
162  0.708000
163  0.732000
164  0.558000
165  0.864000
166  0.846000
167  0.874000
168  0.841000
169  0.604000
170  0.560000
171  0.600000
172  0.843000
173  0.776000
174  0.479000
175  0.818000
176  0.925000
177  0.861000
178  0.823000
179  0.764000
180  0.886000
181  0.921000
182  0.830000
183  0.720000
184  0.690000
185  0.714000
186  0.743000
187  0.732000
188  0.799000
189  0.780000
190  0.867000
191  0.912000
192  0.840000
193  0.539000
194  0.848000
195  0.776000
196  0.561000
197  0.729000
198  0.765000
199  0.684000
200  0.849000
201  0.862000
202  0.796000
203  0.835000
204  0.873000
205  0.811000
206  0.822000
207  0.866000
208  0.692000
209  0.671000
210  0.703000
211  0.787000
212  0.698000
213  0.756000
214  0.749000
215  0.854000
216  0.920000
217  0.771000
218  0.851000
219  0.846000
220  0.828000
221  0.661000
222  0.714000
223  0.713000
224  0.686000
225  0.888000
226  0.913000
227  0.804000
228  0.837000
229  0.864000
230  0.835000
231  0.866000
232  0.864000
233  0.677000
234  0.663000
235  0.702000
236  0.776000
237  0.667000
238  0.737000
239  0.734000
240  0.841000
241  0.858000
242  0.092000
243  0.883000
244  0.849000
245  0.801000
246  0.626000
247  0.799000
248  0.786000
249  0.766000
250  0.924000
251  0.888000
252  0.792000
253  0.813000
254  0.884000
255  0.839000
256  0.869000
257  0.896000
258  0.672000
259  0.659000
260  0.744000
261  0.776000
262  0.659000
263  0.711000
264  0.739000
265  0.810000
266  0.900000
267  0.054000
268  0.841000
269  0.850000
270  0.796000
271  0.625000
272  0.737000
273  0.752000
274  0.777000
275  0.890000
276  0.833000
277  0.806000
278  0.838000
279  0.824000
280  0.822000
281  0.863000
282  0.882000
283  0.713000
284  0.701000
285  0.740000
286  0.757000
287  0.703000
288  0.775000
289  0.748000
290  0.772000
291  0.815000
292  0.077000
293  0.873000
294  0.800000
295  0.775000
296  0.630000
297  0.705000
298  0.732000
299  0.646000
300  0.907000
301  0.871000
302  0.832000
303  0.861000
304  0.824000
305  0.789000
306  0.838000
307  0.893000
308  0.737000
309  0.724000
310  0.762000
311  0.769000
312  0.701000
313  0.720000
314  0.736000
315  0.788000
316  0.872000
317  0.887000
318  0.839000
319  0.784000
320  0.608000
321  0.710000
322  0.714000
323  0.699000
324  0.907000
325  0.871000
326  0.832000
327  0.861000
328  0.824000
329  0.789000
330  0.838000
331  0.893000
332  0.737000
333  0.724000
334  0.762000
335  0.769000
336  0.701000
337  0.720000
338  0.736000
339  0.788000
340  0.872000
341  0.887000
342  0.839000
343  0.784000
344  0.608000
345  0.710000
346  0.714000
347  0.699000
348  0.907000
349  0.871000
350  0.832000
351  0.861000
352  0.824000
353  0.789000
354  0.838000
355  0.893000
356  0.737000
357  0.724000
358  0.762000
359  0.769000
360  0.701000
361  0.720000
362  0.736000
363  0.788000
364  0.872000
365  0.887000
366  0.839000
367  0.784000
368  0.608000
369  0.710000
370  0.714000
371  0.699000
372  0.907000
373  0.871000
374  0.832000
375  0.861000
376  0.824000
377  0.789000
378  0.838000
379  0.893000
380  0.737000
381  0.724000
382  0.762000
383  0.769000
384  0.701000
385  0.720000
386  0.736000
387  0.788000
388  0.872000
389  0.887000
390  0.839000
391  0.784000
392  0.608000
393  0.710000
394  0.714000
395  0.699000
396  0.907000
397  0.871000
398  0.832000
399  0.861000
400  0.824000
401  0.789000
402  0.838000
403  0.893000
404  0.737000
405  0.724000
406  0.762000
407  0.769000
408  0.701000
409  0.720000
410  0.736000
411  0.788000
412  0.872000
413  0.887000
414  0.839000
415  0.784000
416  0.608000
417  0.710000
418  0.714000
419  0.699000
420  0.907000
421  0.871000
422  0.832000
423  0.861000
424  0.824000
425  0.789000
426  0.838000
427  0.893000
428  0.737000
429  0.724000
430  0.762000
431  0.769000
432  0.701000
433  0.720000
434  0.736000
435  0.788000
436  0.872000
437  0.887000
438  0.839000
439  0.784000
440  0.608000
441  0.710000
442  0.714000
443  0.699000
444  0.907000
445  0.871000
446  0.832000
447  0.861000
448  0.824000
449  0.789000
450  0.838000
451  0.893000
452  0.737000
453  0.724000
454  0.762000
455  0.769000
456  0.701000
457  0.720000
458  0.736000
459  0.788000
460  0.872000
461  0.887000
462  0.839000
463  0.784000
464  0.608000
465  0.710000
466  0.714000
467  0.699000
468  0.907000
469  0.871000
470  0.832000
471  0.861000
472  0.824000
473  0.789000
474  0.838000
475  0.893000
476  0.737000
477  0.724000
478  0.762000
479  0.769000
480  0.701000
481  0.720000
482  0.736000
483  0.788000
484  0.872000
485  0.887000
486  0.839000
487  0.784000
488  0.608000
489  0.710000
490  0.714000
491  0.699000
492  0.899000
493  0.858000
494  0.831000
495  0.848000
496  0.866000
497  0.827000
498  0.832000
499  0.871000
500  0.700000
501  0.697000
502  0.755000
503  0.816000
504  0.674000
505  0.757000
506  0.777000
507  0.833000
508  0.839000
509  0.785000
510  0.849000
511  0.791000
512  0.809000
513  0.554000
514  0.642000
515  0.762000
516  0.662000
517  0.908000
518  0.893000
519  0.847000
520  0.897000
521  0.830000
522  0.870000
523  0.888000
524  0.853000
525  0.732000
526  0.696000
527  0.723000
528  0.791000
529  0.707000
530  0.778000
531  0.781000
532  0.907000
533  0.856000
534  0.849000
535  0.870000
536  0.820000
537  0.814000
538  0.537000
539  0.687000
540  0.723000
541  0.636000
542  0.873000
543  0.909000
544  0.841000
545  0.698000
546  0.761000
547  0.864000
548  0.851000
549  0.844000
550  0.736000
551  0.726000
552  0.735000
553  0.769000
554  0.684000
555  0.750000
556  0.763000
557  0.868000
558  0.881000
559  0.819000
560  0.861000
561  0.752000
562  0.774000
563  0.497000
564  0.683000
565  0.774000
566  0.634000
567  0.905000
568  0.931000
569  0.851000
570  0.368000
571  0.473000
572  0.834000
573  0.786000
574  0.803000
575  0.709000
576  0.671000
577  0.716000
578  0.776000
579  0.658000
580  0.761000
581  0.780000
582  0.904000
583  0.855000
584  0.823000
585  0.859000
586  0.805000
587  0.800000
588  0.499000
589  0.654000
590  0.719000
591  0.671000
592  0.874000
593  0.896000
594  0.792000
595  0.906000
596  0.834000
597  0.751000
598  0.824000
599  0.713000
600  0.736000
601  0.684000
602  0.703000
603  0.759000
604  0.715000
605  0.733000
606  0.780000
607  0.829000
608  0.838000
609  0.797000
610  0.502000
611  0.808000
612  0.819000
613  0.510000
614  0.644000
615  0.723000
616  0.640000
617  0.892000
618  0.927000
619  0.818000
620  0.932000
621  0.831000
622  0.849000
623  0.944000
624  0.839000
625  0.719000
626  0.681000
627  0.695000
628  0.774000
629  0.699000
630  0.741000
631  0.782000
632  0.814000
633  0.857000
634  0.858000
635  0.649000
636  0.814000
637  0.831000
638  0.518000
639  0.652000
640  0.731000
641  0.631000
642  0.906000
643  0.916000
644  0.869000
645  0.886000
646  0.828000
647  0.842000
648  0.874000
649  0.718000
650  0.693000
651  0.704000
652  0.763000
653  0.819000
654  0.669000
655  0.707000
656  0.775000
657  0.860000
658  0.809000
659  0.859000
660  0.784000
661  0.798000
662  0.777000
663  0.482000
664  0.715000
665  0.814000
666  0.699000
667  0.909000
668  0.902000
669  0.867000
670  0.873000
671  0.856000
672  0.810000
673  0.873000
674  0.842000
675  0.705000
676  0.657000
677  0.742000
678  0.817000
679  0.735000
680  0.852000
681  0.596000
682  0.843000
683  0.836000
684  0.808000
685  0.727000
686  0.502000
687  0.548000
688  0.347000
689  0.756000
690  0.826000
691  0.712000
692  0.912000
693  0.850000
694  0.822000
695  0.844000
696  0.814000
697  0.815000
698  0.908000
699  0.836000
700  0.746000
701  0.764000
702  0.829000
703  0.765000
704  0.735000
705  0.758000
706  0.763000
707  0.846000
708  0.931000
709  0.832000
710  0.873000
711  0.791000
712  0.726000
713  0.762000
714  0.789000
715  0.769000
716  0.730000
717  0.847000
718  0.871000
719  0.820000
720  0.462000
721  0.735000
722  0.786000
723  0.673000
724  0.640000
725  0.746000
726  0.720000
727  0.788000
728  0.788000
729  0.719000
730  0.742000
731  0.818000
732  0.939000
733  0.887000
734  0.853000
735  0.837000
736  0.792000
737  0.758000
738  0.782000
739  0.765000
740  0.758000
741  0.740000
742  0.866000
743  0.859000
744  0.812000
745  0.864000
746  0.871000
747  0.742000
748  0.821000
749  0.846000
750  0.753000
751  0.698000
752  0.796000
753  0.780000
754  0.712000
755  0.767000
756  0.805000
757  0.857000
758  0.913000
759  0.897000
760  0.791000
761  0.773000
762  0.742000
763  0.775000
764  0.769000
765  0.753000
766  0.744000
767  0.857000
768  0.896000
769  0.752000
770  0.840000
771  0.911000
772  0.804000
773  0.406000
774  0.495000
775  0.724000
776  0.694000
777  0.802000
778  0.772000
779  0.713000
780  0.789000
781  0.797000
782  0.876000
783  0.900000
784  0.905000
785  0.376000
786  0.766000
787  0.746000
788  0.754000
789  0.773000
790  0.757000
791  0.694000
792  0.873000
793  0.817000
794  0.782000
795  0.572000
796  0.636000
797  0.805000
798  0.841000
799  0.726000
800  0.752000
801  0.719000
802  0.773000
803  0.772000
804  0.711000
805  0.748000
806  0.791000
807  0.811000
808  0.845000
809  0.797000
810  0.848000
811  0.765000
812  0.750000
813  0.753000
814  0.787000
815  0.759000
816  0.732000
817  0.915000
818  0.896000
819  0.847000
820  0.518000
821  0.765000
822  0.753000
823  0.812000
824  0.579000
825  0.737000
826  0.713000
827  0.772000
828  0.759000
829  0.720000
830  0.719000
831  0.783000
832  0.840000
833  0.927000
834  0.830000
835  0.867000
836  0.757000
837  0.739000
838  0.731000
839  0.773000
840  0.759000
841  0.736000
842  0.923000
843  0.877000
844  0.848000
845  0.852000
846  0.766000
847  0.759000
848  0.853000
849  0.657000
850  0.758000
851  0.732000
852  0.811000
853  0.758000
854  0.720000
855  0.758000
856  0.791000
857  0.823000
858  0.873000
859  0.874000
860  0.245000
861  0.758000
862  0.757000
863  0.743000
864  0.779000
865  0.745000
866  0.724000
867  0.898000
868  0.871000
869  0.792000
870  0.405000
871  0.603000
872  0.788000
873  0.715000
874  0.647000
875  0.701000
876  0.722000
877  0.815000
878  0.758000
879  0.644000
880  0.709000
881  0.746000
882  0.895000
883  0.915000
884  0.918000
885  0.904000
886  0.761000
887  0.763000
888  0.764000
889  0.774000
890  0.747000
891  0.710000
892  0.851000
893  0.884000
894  0.823000
895  0.835000
896  0.843000
897  0.794000
898  0.804000
899  0.874000
900  0.736000
901  0.731000
902  0.764000
903  0.758000
904  0.704000
905  0.770000
906  0.744000
907  0.900000
908  0.927000
909  0.903000
910  0.793000
911  0.764000
912  0.780000
913  0.779000
914  0.744000
915  0.706000
916  0.848000
917  0.911000
918  0.835000
919  0.801000
920  0.686000
921  0.799000
922  0.840000
923  0.776000
924  0.726000
925  0.737000
926  0.755000
927  0.755000
928  0.724000
929  0.734000
930  0.753000
931  0.752000
932  0.844000
933  0.777000
934  0.811000
935  0.805000
936  0.769000
937  0.802000
938  0.780000
939  0.753000
940  0.715000
941  0.883000
942  0.873000
943  0.861000
944  0.628000
945  0.854000
946  0.829000
947  0.840000
948  0.792000
949  0.774000
950  0.747000
951  0.748000
952  0.752000
953  0.726000
954  0.687000
955  0.758000
956  0.884000
957  0.890000
958  0.830000
959  0.862000
960  0.815000
961  0.788000
962  0.822000
963  0.777000
964  0.741000
965  0.728000
966  0.911000
967  0.843000
968  0.826000
969  0.799000
970  0.803000
971  0.862000
972  0.405000
973  0.520000
974  0.720000
975  0.678000
976  0.745000
977  0.630000
978  0.665000
979  0.765000
980  0.734000
981  0.905000
982  0.908000
983  0.823000
984  0.767000
985  0.728000
986  0.696000
987  0.509000
988  0.491000
989  0.377000
990  0.896000
991  0.784000
992  0.783000
993  0.565000
994  0.516000
995  0.605000
996  0.068000
997  0.605000
998  0.595000
999  0.721000
1000  0.638000
1001  0.486000
1002  0.499000
1003  0.687000
1004  0.886000
1005  0.923000
1006  0.838000
1007  0.391000
1008  0.364000
1009  0.591000
1010  0.637000
1011  0.538000
1012  0.626000
1013  0.819000
1014  0.815000
1015  0.754000
1016  0.817000
1017  0.254000
1018  0.779000
1019  0.713000
1020  0.324000
1021  0.603000
1022  0.598000
1023  0.752000
1024  0.661000
1025  0.504000
1026  0.592000
1027  0.702000
1028  0.881000
1029  0.113000
1030  0.839000
1031  0.394000
1032  0.346000
1033  0.588000
1034  0.656000
1035  0.528000
1036  0.666000
1037  0.824000
1038  0.847000
1039  0.768000
1040  0.813000
1041  0.794000
1042  0.754000
1043  0.820000
1044  0.695000
1045  0.639000
1046  0.604000
1047  0.751000
1048  0.616000
1049  0.586000
1050  0.623000
1051  0.732000
1052  0.707000
1053  0.827000
1054  0.183000
1055  0.925000
1056  0.319000
1057  0.322000
1058  0.611000
1059  0.677000
1060  0.552000
1061  0.613000
1062  0.859000
1063  0.822000
1064  0.674000
1065  0.807000
1066  0.746000
1067  0.768000
1068  0.853000
1069  0.684000
1070  0.653000
1071  0.643000
1072  0.755000
1073  0.646000
1074  0.596000
1075  0.647000
1076  0.689000
1077  0.871000
1078  0.894000
1079  0.845000
1080  0.417000
1081  0.403000
1082  0.606000
1083  0.654000
1084  0.570000
1085  0.627000
1086  0.920000
1087  0.855000
1088  0.729000
1089  0.813000
1090  0.790000
1091  0.790000
1092  0.868000
1093  0.851000
1094  0.652000
1095  0.637000
1096  0.753000
1097  0.625000
1098  0.653000
1099  0.660000
1100  0.734000
1101  0.863000
1102  0.907000
1103  0.427000
1104  0.842000
1105  0.327000
1106  0.303000
1107  0.624000
1108  0.685000
1109  0.592000
1110  0.615000
1111  0.859000
1112  0.911000
1113  0.782000
1114  0.829000
1115  0.853000
1116  0.828000
1117  0.728000
1118  0.749000
1119  0.701000
1120  0.652000
1121  0.707000
1122  0.698000
1123  0.669000
1124  0.716000
1125  0.624000
1126  0.834000
1127  0.813000
1128  0.876000
1129  0.718000
1130  0.790000
1131  0.726000
1132  0.120000
1133  0.651000
1134  0.584000
1135  0.719000
1136  0.857000
1137  0.909000
1138  0.811000
1139  0.912000
1140  0.882000
1141  0.838000
1142  0.794000
1143  0.816000
1144  0.724000
1145  0.688000
1146  0.732000
1147  0.727000
1148  0.741000
1149  0.833000
1150  0.769000
1151  0.843000
1152  0.848000
1153  0.841000
1154  0.867000
1155  0.814000
1156  0.745000
1157  0.740000
1158  0.677000
1159  0.716000
1160  0.576000
1161  0.860000
1162  0.895000
1163  0.817000
1164  0.872000
1165  0.799000
1166  0.860000
1167  0.869000
1168  0.794000
1169  0.766000
1170  0.713000
1171  0.828000
1172  0.837000
1173  0.732000
1174  0.760000
1175  0.781000
1176  0.866000
1177  0.888000
1178  0.728000
1179  0.862000
1180  0.792000
1181  0.799000
1182  0.734000
1183  0.816000
1184  0.751000
1185  0.710000
1186  0.926000
1187  0.846000
1188  0.800000
1189  0.850000
1190  0.822000
1191  0.806000
1192  0.891000
1193  0.854000
1194  0.690000
1195  0.704000
1196  0.752000
1197  0.806000
1198  0.699000
1199  0.730000
1200  0.815000
1201  0.863000
1202  0.821000
1203  0.892000
1204  0.804000
1205  0.790000
1206  0.791000
1207  0.746000
1208  0.822000
1209  0.755000
1210  0.747000
1211  0.897000
1212  0.887000
1213  0.827000
1214  0.762000
1215  0.643000
1216  0.855000
1217  0.819000
1218  0.811000
1219  0.704000
1220  0.681000
1221  0.825000
1222  0.799000
1223  0.718000
1224  0.770000
1225  0.828000
1226  0.845000
1227  0.865000
1228  0.844000
1229  0.845000
1230  0.843000
1231  0.773000
1232  0.823000
1233  0.822000
1234  0.745000
1235  0.746000
1236  0.861000
1237  0.885000
1238  0.794000
1239  0.825000
1240  0.740000
1241  0.885000
1242  0.514000
1243  0.604000
1244  0.690000
1245  0.686000
1246  0.755000
1247  0.811000
1248  0.690000
1249  0.748000
1250  0.824000
1251  0.851000
1252  0.886000
1253  0.882000
1254  0.806000
1255  0.825000
1256  0.749000
1257  0.815000
1258  0.819000
1259  0.759000
1260  0.758000
1261  0.855000
1262  0.869000
1263  0.814000
1264  0.429000
1265  0.685000
1266  0.820000
1267  0.666000
1268  0.435000
1269  0.731000
1270  0.727000
1271  0.800000
1272  0.799000
1273  0.701000
1274  0.705000
1275  0.799000
1276  0.855000
1277  0.909000
1278  0.843000
1279  0.900000
1280  0.837000
1281  0.776000
1282  0.797000
1283  0.825000
1284  0.726000
1285  0.749000
1286  0.863000
1287  0.898000
1288  0.796000
1289  0.704000
1290  0.814000
1291  0.779000
1292  0.626000
1293  0.529000
1294  0.679000
1295  0.689000
1296  0.775000
1297  0.797000
1298  0.681000
1299  0.737000
1300  0.833000
1301  0.954000
1302  0.926000
1303  0.807000
1304  0.092000
1305  0.841000
1306  0.759000
1307  0.805000
1308  0.837000
1309  0.745000
1310  0.752000
1311  0.855000
1312  0.892000
1313  0.850000
1314  0.900000
1315  0.830000
1316  0.821000
1317  0.843000
1318  0.811000
1319  0.716000
1320  0.688000
1321  0.791000
1322  0.800000
1323  0.718000
1324  0.720000
1325  0.827000
1326  0.922000
1327  0.935000
1328  0.912000
1329  0.831000
1330  0.751000
1331  0.798000
1332  0.813000
1333  0.735000
1334  0.743000
1335  0.901000
1336  0.822000
1337  0.751000
1338  0.314000
1339  0.768000
1340  0.302000
1341  0.562000
1342  0.751000
1343  0.709000
1344  0.762000
1345  0.803000
1346  0.746000
1347  0.779000
1348  0.833000
1349  0.917000
1350  0.886000
1351  0.836000
1352  0.828000
1353  0.740000
1354  0.807000
1355  0.824000
1356  0.737000
1357  0.736000
1358  0.894000
1359  0.885000
1360  0.745000
1361  0.802000
1362  0.566000
1363  0.906000
1364  0.848000
1365  0.822000
1366  0.715000
1367  0.689000
1368  0.778000
1369  0.820000
1370  0.725000
1371  0.739000
1372  0.804000
1373  0.851000
1374  0.906000
1375  0.651000
1376  0.895000
1377  0.832000
1378  0.795000
1379  0.659000
1380  0.821000
1381  0.731000
1382  0.741000
1383  0.911000
1384  0.785000
1385  0.689000
1386  0.866000
1387  0.844000
1388  0.812000
1389  0.879000
1390  0.789000
1391  0.640000
1392  0.454000
1393  0.666000
1394  0.750000
1395  0.616000
1396  0.711000
1397  0.742000
1398  0.507000
1399  0.880000
1400  0.844000
1401  0.778000
1402  0.712000
1403  0.740000
1404  0.234000
1405  0.212000
1406  0.687000
1407  0.899000
1408  0.774000
1409  0.672000
1410  0.783000
1411  0.327000
1412  0.752000
1413  0.839000
1414  0.760000
1415  0.599000
1416  0.420000
1417  0.662000
1418  0.728000
1419  0.603000
1420  0.695000
1421  0.715000
1422  0.855000
1423  0.936000
1424  0.916000
1425  0.636000
1426  0.554000
1427  0.589000
1428  0.139000
1429  0.130000
1430  0.632000
1431  0.855000
1432  0.777000
1433  0.877000
1434  0.796000
1435  0.742000
1436  0.125000
1437  0.643000
1438  0.646000
1439  0.669000
1440  0.698000
1441  0.594000
1442  0.606000
1443  0.661000
1444  0.851000
1445  0.852000
1446  0.631000
1447  0.570000
1448  0.582000
1449  0.066000
1450  0.071000
1451  0.688000
1452  0.833000
1453  0.803000
1454  0.739000
1455  0.282000
1456  0.733000
1457  0.760000
1458  0.635000
1459  0.864000
1460  0.642000
1461  0.612000
1462  0.663000
1463  0.759000
1464  0.627000
1465  0.740000
1466  0.690000
1467  0.843000
1468  0.913000
1469  0.742000
1470  0.830000
1471  0.646000
1472  0.588000
1473  0.602000
1474  0.551000
1475  0.465000
1476  0.695000
1477  0.914000
1478  0.836000
1479  0.738000
1480  0.840000
1481  0.765000
1482  0.807000
1483  0.856000
1484  0.789000
1485  0.696000
1486  0.662000
1487  0.692000
1488  0.783000
1489  0.655000
1490  0.714000
1491  0.696000
1492  0.923000
1493  0.891000
1494  0.895000
1495  0.829000
1496  0.647000
1497  0.594000
1498  0.631000
1499  0.316000
1500  0.294000
1501  0.685000
1502  0.872000
1503  0.759000
1504  0.693000
1505  0.170000
1506  0.465000
1507  0.786000
1508  0.739000
1509  0.817000
1510  0.718000
1511  0.667000
1512  0.535000
1513  0.673000
1514  0.685000
1515  0.598000
1516  0.709000
1517  0.785000
1518  0.891000
1519  0.861000
1520  0.624000
1521  0.571000
1522  0.590000
1523  0.243000
1524  0.211000
1525  0.623000
1526  0.857000
1527  0.815000
1528  0.861000
1529  0.854000
1530  0.786000
1531  0.851000
1532  0.878000
1533  0.876000
1534  0.736000
1535  0.732000
1536  0.799000
1537  0.756000
1538  0.716000
1539  0.770000
1540  0.726000
1541  0.902000
1542  0.944000
1543  0.874000
1544  0.884000
1545  0.637000
1546  0.679000
1547  0.636000
1548  0.827000
1549  0.767000
1550  0.348000
1551  0.872000
1552  0.864000
1553  0.794000
1554  0.880000
1555  0.891000
1556  0.791000
1557  0.832000
1558  0.860000
1559  0.713000
1560  0.701000
1561  0.801000
1562  0.789000
1563  0.714000
1564  0.769000
1565  0.754000
1566  0.904000
1567  0.872000
1568  0.880000
1569  0.833000
1570  0.795000
1571  0.764000
1572  0.764000
1573  0.807000
1574  0.774000
1575  0.751000
1576  0.876000
1577  0.868000
1578  0.804000
1579  0.697000
1580  0.671000
1581  0.833000
1582  0.748000
1583  0.754000
1584  0.700000
1585  0.686000
1586  0.776000
1587  0.770000
1588  0.698000
1589  0.764000
1590  0.750000
1591  0.808000
1592  0.877000
1593  0.829000
1594  0.851000
1595  0.758000
1596  0.768000
1597  0.778000
1598  0.794000
1599  0.763000
1600  0.753000
