1  0.837000
2  0.905000
3  0.828000
4  0.835000
5  0.748000
6  0.834000
7  0.930000
8  0.813000
9  0.682000
10  0.641000
11  0.708000
12  0.738000
13  0.683000
14  0.726000
15  0.776000
16  0.925000
17  0.961000
18  0.829000
19  0.836000
20  0.799000
21  0.805000
22  0.653000
23  0.712000
24  0.751000
25  0.724000
26  0.835000
27  0.887000
28  0.818000
29  0.831000
30  0.750000
31  0.828000
32  0.930000
33  0.815000
34  0.661000
35  0.660000
36  0.706000
37  0.766000
38  0.658000
39  0.689000
40  0.796000
41  0.925000
42  0.960000
43  0.831000
44  0.837000
45  0.858000
46  0.814000
47  0.657000
48  0.758000
49  0.791000
50  0.775000
51  0.836000
52  0.890000
53  0.808000
54  0.829000
55  0.749000
56  0.836000
57  0.930000
58  0.813000
59  0.675000
60  0.678000
61  0.734000
62  0.746000
63  0.689000
64  0.691000
65  0.791000
66  0.925000
67  0.959000
68  0.830000
69  0.834000
70  0.854000
71  0.822000
72  0.719000
73  0.742000
74  0.773000
75  0.772000
76  0.836000
77  0.864000
78  0.807000
79  0.831000
80  0.747000
81  0.826000
82  0.934000
83  0.812000
84  0.678000
85  0.683000
86  0.752000
87  0.737000
88  0.687000
89  0.712000
90  0.788000
91  0.923000
92  0.959000
93  0.829000
94  0.834000
95  0.855000
96  0.803000
97  0.678000
98  0.744000
99  0.790000
100  0.784000
101  0.836000
102  0.878000
103  0.831000
104  0.825000
105  0.771000
106  0.819000
107  0.930000
108  0.813000
109  0.667000
110  0.650000
111  0.719000
112  0.741000
113  0.686000
114  0.725000
115  0.774000
116  0.929000
117  0.958000
118  0.822000
119  0.834000
120  0.851000
121  0.817000
122  0.707000
123  0.746000
124  0.787000
125  0.777000
126  0.853000
127  0.873000
128  0.791000
129  0.826000
130  0.748000
131  0.829000
132  0.928000
133  0.815000
134  0.681000
135  0.684000
136  0.735000
137  0.732000
138  0.673000
139  0.699000
140  0.798000
141  0.910000
142  0.949000
143  0.823000
144  0.845000
145  0.794000
146  0.799000
147  0.662000
148  0.719000
149  0.765000
150  0.752000
151  0.834000
152  0.873000
153  0.808000
154  0.831000
155  0.729000
156  0.838000
157  0.929000
158  0.813000
159  0.675000
160  0.684000
161  0.737000
162  0.750000
163  0.685000
164  0.709000
165  0.798000
166  0.919000
167  0.962000
168  0.820000
169  0.844000
170  0.828000
171  0.829000
172  0.677000
173  0.757000
174  0.801000
175  0.783000
176  0.835000
177  0.874000
178  0.810000
179  0.820000
180  0.751000
181  0.833000
182  0.928000
183  0.813000
184  0.668000
185  0.660000
186  0.728000
187  0.757000
188  0.650000
189  0.681000
190  0.805000
191  0.924000
192  0.959000
193  0.828000
194  0.837000
195  0.846000
196  0.816000
197  0.695000
198  0.746000
199  0.785000
200  0.777000
201  0.840000
202  0.872000
203  0.808000
204  0.823000
205  0.745000
206  0.830000
207  0.930000
208  0.814000
209  0.653000
210  0.655000
211  0.739000
212  0.742000
213  0.648000
214  0.687000
215  0.773000
216  0.921000
217  0.960000
218  0.824000
219  0.878000
220  0.808000
221  0.778000
222  0.658000
223  0.762000
224  0.823000
225  0.786000
226  0.845000
227  0.860000
228  0.797000
229  0.827000
230  0.758000
231  0.816000
232  0.929000
233  0.807000
234  0.676000
235  0.668000
236  0.733000
237  0.738000
238  0.652000
239  0.737000
240  0.793000
241  0.860000
242  0.862000
243  0.857000
244  0.164000
245  0.808000
246  0.790000
247  0.709000
248  0.739000
249  0.786000
250  0.744000
251  0.832000
252  0.902000
253  0.815000
254  0.821000
255  0.741000
256  0.822000
257  0.931000
258  0.811000
259  0.687000
260  0.679000
261  0.727000
262  0.762000
263  0.673000
264  0.705000
265  0.769000
266  0.904000
267  0.942000
268  0.777000
269  0.897000
270  0.842000
271  0.809000
272  0.736000
273  0.765000
274  0.791000
275  0.779000
276  0.837000
277  0.907000
278  0.835000
279  0.824000
280  0.750000
281  0.835000
282  0.930000
283  0.814000
284  0.691000
285  0.650000
286  0.741000
287  0.756000
288  0.696000
289  0.748000
290  0.788000
291  0.926000
292  0.962000
293  0.828000
294  0.838000
295  0.868000
296  0.848000
297  0.728000
298  0.732000
299  0.771000
300  0.784000
301  0.837000
302  0.907000
303  0.832000
304  0.833000
305  0.747000
306  0.834000
307  0.931000
308  0.814000
309  0.694000
310  0.657000
311  0.699000
312  0.748000
313  0.696000
314  0.719000
315  0.783000
316  0.926000
317  0.961000
318  0.830000
319  0.837000
320  0.846000
321  0.797000
322  0.657000
323  0.728000
324  0.764000
325  0.722000
326  0.835000
327  0.884000
328  0.814000
329  0.822000
330  0.753000
331  0.839000
332  0.930000
333  0.815000
334  0.685000
335  0.682000
336  0.715000
337  0.735000
338  0.671000
339  0.672000
340  0.786000
341  0.925000
342  0.961000
343  0.834000
344  0.840000
345  0.856000
346  0.820000
347  0.705000
348  0.739000
349  0.784000
350  0.782000
351  0.837000
352  0.904000
353  0.829000
354  0.836000
355  0.750000
356  0.842000
357  0.928000
358  0.820000
359  0.672000
360  0.637000
361  0.697000
362  0.728000
363  0.671000
364  0.708000
365  0.787000
366  0.926000
367  0.962000
368  0.831000
369  0.841000
370  0.784000
371  0.803000
372  0.638000
373  0.725000
374  0.766000
375  0.755000
376  0.836000
377  0.862000
378  0.794000
379  0.788000
380  0.735000
381  0.818000
382  0.925000
383  0.829000
384  0.669000
385  0.669000
386  0.728000
387  0.752000
388  0.675000
389  0.691000
390  0.772000
391  0.926000
392  0.964000
393  0.829000
394  0.847000
395  0.847000
396  0.811000
397  0.701000
398  0.730000
399  0.775000
400  0.776000
401  0.837000
402  0.891000
403  0.821000
404  0.823000
405  0.744000
406  0.839000
407  0.929000
408  0.811000
409  0.682000
410  0.679000
411  0.699000
412  0.741000
413  0.697000
414  0.710000
415  0.787000
416  0.924000
417  0.957000
418  0.828000
419  0.832000
420  0.853000
421  0.813000
422  0.697000
423  0.746000
424  0.790000
425  0.766000
426  0.837000
427  0.907000
428  0.832000
429  0.780000
430  0.745000
431  0.835000
432  0.931000
433  0.814000
434  0.689000
435  0.651000
436  0.712000
437  0.729000
438  0.692000
439  0.738000
440  0.781000
441  0.926000
442  0.961000
443  0.830000
444  0.837000
445  0.847000
446  0.799000
447  0.686000
448  0.746000
449  0.799000
450  0.738000
451  0.837000
452  0.907000
453  0.831000
454  0.835000
455  0.748000
456  0.834000
457  0.931000
458  0.814000
459  0.689000
460  0.650000
461  0.718000
462  0.733000
463  0.692000
464  0.733000
465  0.776000
466  0.926000
467  0.961000
468  0.830000
469  0.838000
470  0.854000
471  0.812000
472  0.712000
473  0.738000
474  0.777000
475  0.740000
476  0.837000
477  0.907000
478  0.832000
479  0.836000
480  0.748000
481  0.834000
482  0.931000
483  0.814000
484  0.690000
485  0.651000
486  0.708000
487  0.743000
488  0.692000
489  0.740000
490  0.792000
491  0.926000
492  0.961000
493  0.830000
494  0.837000
495  0.863000
496  0.825000
497  0.667000
498  0.759000
499  0.795000
500  0.792000
501  0.837000
502  0.905000
503  0.829000
504  0.852000
505  0.744000
506  0.835000
507  0.931000
508  0.814000
509  0.689000
510  0.651000
511  0.703000
512  0.722000
513  0.693000
514  0.726000
515  0.776000
516  0.926000
517  0.961000
518  0.830000
519  0.837000
520  0.847000
521  0.810000
522  0.699000
523  0.741000
524  0.795000
525  0.759000
526  0.837000
527  0.885000
528  0.807000
529  0.830000
530  0.742000
531  0.837000
532  0.930000
533  0.813000
534  0.684000
535  0.642000
536  0.754000
537  0.751000
538  0.693000
539  0.743000
540  0.794000
541  0.924000
542  0.962000
543  0.827000
544  0.845000
545  0.809000
546  0.802000
547  0.716000
548  0.754000
549  0.786000
550  0.755000
551  0.837000
552  0.899000
553  0.829000
554  0.834000
555  0.748000
556  0.831000
557  0.928000
558  0.812000
559  0.653000
560  0.640000
561  0.727000
562  0.758000
563  0.650000
564  0.683000
565  0.794000
566  0.925000
567  0.960000
568  0.828000
569  0.837000
570  0.843000
571  0.808000
572  0.671000
573  0.752000
574  0.778000
575  0.798000
576  0.839000
577  0.881000
578  0.831000
579  0.836000
580  0.748000
581  0.805000
582  0.899000
583  0.878000
584  0.689000
585  0.650000
586  0.714000
587  0.751000
588  0.692000
589  0.741000
590  0.768000
591  0.927000
592  0.963000
593  0.832000
594  0.844000
595  0.802000
596  0.805000
597  0.678000
598  0.732000
599  0.784000
600  0.720000
601  0.837000
602  0.898000
603  0.830000
604  0.835000
605  0.748000
606  0.831000
607  0.928000
608  0.814000
609  0.644000
610  0.626000
611  0.709000
612  0.748000
613  0.631000
614  0.712000
615  0.795000
616  0.925000
617  0.962000
618  0.829000
619  0.840000
620  0.780000
621  0.721000
622  0.722000
623  0.730000
624  0.774000
625  0.662000
626  0.836000
627  0.904000
628  0.827000
629  0.835000
630  0.749000
631  0.840000
632  0.931000
633  0.815000
634  0.647000
635  0.631000
636  0.700000
637  0.745000
638  0.640000
639  0.670000
640  0.771000
641  0.925000
642  0.961000
643  0.831000
644  0.837000
645  0.856000
646  0.814000
647  0.695000
648  0.747000
649  0.782000
650  0.760000
651  0.837000
652  0.907000
653  0.831000
654  0.835000
655  0.748000
656  0.834000
657  0.931000
658  0.814000
659  0.670000
660  0.645000
661  0.710000
662  0.742000
663  0.665000
664  0.686000
665  0.773000
666  0.926000
667  0.961000
668  0.830000
669  0.837000
670  0.854000
671  0.827000
672  0.697000
673  0.733000
674  0.777000
675  0.766000
676  0.838000
677  0.877000
678  0.829000
679  0.836000
680  0.751000
681  0.818000
682  0.936000
683  0.819000
684  0.645000
685  0.635000
686  0.675000
687  0.719000
688  0.653000
689  0.706000
690  0.790000
691  0.926000
692  0.963000
693  0.836000
694  0.847000
695  0.834000
696  0.800000
697  0.665000
698  0.738000
699  0.782000
700  0.743000
701  0.836000
702  0.856000
703  0.830000
704  0.837000
705  0.753000
706  0.811000
707  0.930000
708  0.816000
709  0.634000
710  0.623000
711  0.707000
712  0.734000
713  0.643000
714  0.683000
715  0.789000
716  0.923000
717  0.959000
718  0.833000
719  0.852000
720  0.854000
721  0.807000
722  0.657000
723  0.729000
724  0.786000
725  0.755000
726  0.835000
727  0.869000
728  0.823000
729  0.836000
730  0.752000
731  0.819000
732  0.930000
733  0.817000
734  0.645000
735  0.630000
736  0.711000
737  0.725000
738  0.659000
739  0.701000
740  0.769000
741  0.924000
742  0.961000
743  0.831000
744  0.847000
745  0.782000
746  0.810000
747  0.704000
748  0.697000
749  0.771000
750  0.731000
751  0.839000
752  0.857000
753  0.825000
754  0.836000
755  0.752000
756  0.815000
757  0.930000
758  0.817000
759  0.642000
760  0.627000
761  0.709000
762  0.738000
763  0.655000
764  0.686000
765  0.786000
766  0.926000
767  0.960000
768  0.832000
769  0.852000
770  0.853000
771  0.810000
772  0.690000
773  0.742000
774  0.778000
775  0.765000
776  0.840000
777  0.869000
778  0.829000
779  0.836000
780  0.751000
781  0.815000
782  0.929000
783  0.817000
784  0.642000
785  0.629000
786  0.715000
787  0.748000
788  0.652000
789  0.670000
790  0.795000
791  0.927000
792  0.963000
793  0.832000
794  0.842000
795  0.860000
796  0.816000
797  0.639000
798  0.741000
799  0.787000
800  0.749000
801  0.837000
802  0.857000
803  0.826000
804  0.835000
805  0.752000
806  0.813000
807  0.930000
808  0.819000
809  0.637000
810  0.624000
811  0.716000
812  0.739000
813  0.648000
814  0.695000
815  0.787000
816  0.922000
817  0.960000
818  0.830000
819  0.844000
820  0.849000
821  0.813000
822  0.667000
823  0.733000
824  0.776000
825  0.755000
826  0.837000
827  0.857000
828  0.826000
829  0.835000
830  0.752000
831  0.813000
832  0.930000
833  0.819000
834  0.637000
835  0.624000
836  0.716000
837  0.739000
838  0.648000
839  0.695000
840  0.787000
841  0.922000
842  0.960000
843  0.830000
844  0.844000
845  0.849000
846  0.813000
847  0.667000
848  0.733000
849  0.776000
850  0.755000
851  0.837000
852  0.857000
853  0.826000
854  0.835000
855  0.752000
856  0.813000
857  0.930000
858  0.819000
859  0.637000
860  0.624000
861  0.716000
862  0.739000
863  0.648000
864  0.695000
865  0.787000
866  0.922000
867  0.960000
868  0.830000
869  0.844000
870  0.849000
871  0.813000
872  0.667000
873  0.733000
874  0.776000
875  0.755000
876  0.837000
877  0.857000
878  0.826000
879  0.835000
880  0.752000
881  0.813000
882  0.930000
883  0.819000
884  0.637000
885  0.624000
886  0.716000
887  0.739000
888  0.648000
889  0.695000
890  0.787000
891  0.922000
892  0.960000
893  0.830000
894  0.844000
895  0.849000
896  0.813000
897  0.667000
898  0.733000
899  0.776000
900  0.755000
901  0.837000
902  0.857000
903  0.826000
904  0.835000
905  0.752000
906  0.813000
907  0.930000
908  0.819000
909  0.637000
910  0.624000
911  0.716000
912  0.739000
913  0.648000
914  0.695000
915  0.787000
916  0.922000
917  0.960000
918  0.830000
919  0.844000
920  0.849000
921  0.813000
922  0.667000
923  0.733000
924  0.776000
925  0.755000
926  0.837000
927  0.857000
928  0.826000
929  0.835000
930  0.752000
931  0.813000
932  0.930000
933  0.819000
934  0.637000
935  0.624000
936  0.716000
937  0.739000
938  0.648000
939  0.695000
940  0.787000
941  0.922000
942  0.960000
943  0.830000
944  0.844000
945  0.849000
946  0.813000
947  0.667000
948  0.733000
949  0.776000
950  0.755000
951  0.837000
952  0.857000
953  0.826000
954  0.835000
955  0.752000
956  0.813000
957  0.930000
958  0.819000
959  0.637000
960  0.624000
961  0.716000
962  0.739000
963  0.648000
964  0.695000
965  0.787000
966  0.922000
967  0.960000
968  0.830000
969  0.844000
970  0.849000
971  0.813000
972  0.667000
973  0.733000
974  0.776000
975  0.755000
976  0.837000
977  0.857000
978  0.826000
979  0.835000
980  0.752000
981  0.813000
982  0.930000
983  0.819000
984  0.637000
985  0.624000
986  0.716000
987  0.739000
988  0.648000
989  0.695000
990  0.787000
991  0.922000
992  0.960000
993  0.830000
994  0.844000
995  0.849000
996  0.813000
997  0.667000
998  0.733000
999  0.776000
1000  0.755000
1001  0.837000
1002  0.857000
1003  0.826000
1004  0.835000
1005  0.752000
1006  0.813000
1007  0.930000
1008  0.819000
1009  0.637000
1010  0.624000
1011  0.716000
1012  0.739000
1013  0.648000
1014  0.695000
1015  0.787000
1016  0.922000
1017  0.960000
1018  0.830000
1019  0.844000
1020  0.849000
1021  0.813000
1022  0.667000
1023  0.733000
1024  0.776000
1025  0.755000
1026  0.837000
1027  0.857000
1028  0.826000
1029  0.835000
1030  0.752000
1031  0.813000
1032  0.930000
1033  0.819000
1034  0.637000
1035  0.624000
1036  0.716000
1037  0.739000
1038  0.648000
1039  0.695000
1040  0.787000
1041  0.922000
1042  0.960000
1043  0.830000
1044  0.844000
1045  0.849000
1046  0.813000
1047  0.667000
1048  0.733000
1049  0.776000
1050  0.755000
1051  0.881000
1052  0.907000
1053  0.785000
1054  0.826000
1055  0.746000
1056  0.823000
1057  0.934000
1058  0.827000
1059  0.672000
1060  0.658000
1061  0.733000
1062  0.732000
1063  0.665000
1064  0.732000
1065  0.759000
1066  0.898000
1067  0.856000
1068  0.844000
1069  0.324000
1070  0.836000
1071  0.818000
1072  0.706000
1073  0.765000
1074  0.763000
1075  0.739000
1076  0.886000
1077  0.912000
1078  0.797000
1079  0.832000
1080  0.749000
1081  0.844000
1082  0.935000
1083  0.822000
1084  0.661000
1085  0.644000
1086  0.736000
1087  0.749000
1088  0.662000
1089  0.734000
1090  0.774000
1091  0.889000
1092  0.889000
1093  0.834000
1094  0.372000
1095  0.848000
1096  0.819000
1097  0.687000
1098  0.743000
1099  0.786000
1100  0.793000
1101  0.867000
1102  0.903000
1103  0.785000
1104  0.842000
1105  0.754000
1106  0.827000
1107  0.933000
1108  0.819000
1109  0.652000
1110  0.639000
1111  0.710000
1112  0.733000
1113  0.666000
1114  0.725000
1115  0.768000
1116  0.880000
1117  0.895000
1118  0.848000
1119  0.354000
1120  0.835000
1121  0.829000
1122  0.705000
1123  0.731000
1124  0.761000
1125  0.761000
1126  0.888000
1127  0.872000
1128  0.795000
1129  0.823000
1130  0.747000
1131  0.828000
1132  0.929000
1133  0.811000
1134  0.665000
1135  0.669000
1136  0.754000
1137  0.733000
1138  0.678000
1139  0.665000
1140  0.783000
1141  0.912000
1142  0.860000
1143  0.831000
1144  0.303000
1145  0.842000
1146  0.804000
1147  0.638000
1148  0.739000
1149  0.785000
1150  0.771000
1151  0.837000
1152  0.898000
1153  0.823000
1154  0.832000
1155  0.744000
1156  0.836000
1157  0.931000
1158  0.813000
1159  0.661000
1160  0.639000
1161  0.722000
1162  0.730000
1163  0.679000
1164  0.687000
1165  0.795000
1166  0.925000
1167  0.960000
1168  0.829000
1169  0.835000
1170  0.862000
1171  0.825000
1172  0.747000
1173  0.758000
1174  0.795000
1175  0.792000
1176  0.837000
1177  0.886000
1178  0.817000
1179  0.835000
1180  0.746000
1181  0.838000
1182  0.929000
1183  0.811000
1184  0.685000
1185  0.656000
1186  0.707000
1187  0.726000
1188  0.703000
1189  0.757000
1190  0.783000
1191  0.924000
1192  0.958000
1193  0.827000
1194  0.833000
1195  0.848000
1196  0.820000
1197  0.737000
1198  0.749000
1199  0.790000
1200  0.769000
1201  0.838000
1202  0.900000
1203  0.812000
1204  0.807000
1205  0.815000
1206  0.836000
1207  0.931000
1208  0.814000
1209  0.695000
1210  0.655000
1211  0.702000
1212  0.731000
1213  0.697000
1214  0.711000
1215  0.789000
1216  0.926000
1217  0.960000
1218  0.821000
1219  0.833000
1220  0.850000
1221  0.818000
1222  0.649000
1223  0.734000
1224  0.761000
1225  0.755000
1226  0.837000
1227  0.907000
1228  0.831000
1229  0.836000
1230  0.748000
1231  0.834000
1232  0.931000
1233  0.814000
1234  0.689000
1235  0.651000
1236  0.704000
1237  0.746000
1238  0.691000
1239  0.731000
1240  0.780000
1241  0.926000
1242  0.961000
1243  0.830000
1244  0.837000
1245  0.863000
1246  0.831000
1247  0.734000
1248  0.755000
1249  0.798000
1250  0.814000
1251  0.837000
1252  0.907000
1253  0.832000
1254  0.835000
1255  0.748000
1256  0.835000
1257  0.931000
1258  0.814000
1259  0.688000
1260  0.650000
1261  0.701000
1262  0.727000
1263  0.692000
1264  0.731000
1265  0.795000
1266  0.926000
1267  0.961000
1268  0.830000
1269  0.837000
1270  0.825000
1271  0.804000
1272  0.735000
1273  0.741000
1274  0.773000
1275  0.740000
1276  0.837000
1277  0.907000
1278  0.831000
1279  0.827000
1280  0.748000
1281  0.834000
1282  0.931000
1283  0.814000
1284  0.688000
1285  0.650000
1286  0.705000
1287  0.728000
1288  0.691000
1289  0.732000
1290  0.797000
1291  0.926000
1292  0.961000
1293  0.830000
1294  0.838000
1295  0.847000
1296  0.838000
1297  0.734000
1298  0.741000
1299  0.772000
1300  0.775000
1301  0.837000
1302  0.907000
1303  0.832000
1304  0.836000
1305  0.748000
1306  0.834000
1307  0.931000
1308  0.814000
1309  0.691000
1310  0.654000
1311  0.699000
1312  0.741000
1313  0.694000
1314  0.725000
1315  0.788000
1316  0.926000
1317  0.961000
1318  0.830000
1319  0.837000
1320  0.865000
1321  0.825000
1322  0.657000
1323  0.750000
1324  0.789000
1325  0.767000
1326  0.837000
1327  0.907000
1328  0.831000
1329  0.836000
1330  0.748000
1331  0.834000
1332  0.931000
1333  0.814000
1334  0.687000
1335  0.649000
1336  0.714000
1337  0.738000
1338  0.689000
1339  0.734000
1340  0.772000
1341  0.926000
1342  0.961000
1343  0.830000
1344  0.837000
1345  0.759000
1346  0.802000
1347  0.747000
1348  0.728000
1349  0.766000
1350  0.633000
1351  0.837000
1352  0.907000
1353  0.831000
1354  0.837000
1355  0.748000
1356  0.834000
1357  0.931000
1358  0.814000
1359  0.690000
1360  0.653000
1361  0.700000
1362  0.731000
1363  0.693000
1364  0.730000
1365  0.780000
1366  0.926000
1367  0.961000
1368  0.830000
1369  0.837000
1370  0.850000
1371  0.814000
1372  0.712000
1373  0.740000
1374  0.771000
1375  0.761000
1376  0.837000
1377  0.907000
1378  0.831000
1379  0.808000
1380  0.745000
1381  0.836000
1382  0.930000
1383  0.813000
1384  0.704000
1385  0.657000
1386  0.727000
1387  0.735000
1388  0.711000
1389  0.709000
1390  0.793000
1391  0.926000
1392  0.961000
1393  0.829000
1394  0.836000
1395  0.832000
1396  0.786000
1397  0.625000
1398  0.730000
1399  0.792000
1400  0.746000
1401  0.838000
1402  0.909000
1403  0.833000
1404  0.832000
1405  0.746000
1406  0.835000
1407  0.930000
1408  0.812000
1409  0.681000
1410  0.652000
1411  0.715000
1412  0.727000
1413  0.698000
1414  0.774000
1415  0.789000
1416  0.925000
1417  0.959000
1418  0.828000
1419  0.831000
1420  0.843000
1421  0.808000
1422  0.655000
1423  0.726000
1424  0.780000
1425  0.736000
1426  0.831000
1427  0.859000
1428  0.791000
1429  0.810000
1430  0.816000
1431  0.821000
1432  0.932000
1433  0.815000
1434  0.636000
1435  0.627000
1436  0.756000
1437  0.737000
1438  0.637000
1439  0.690000
1440  0.784000
1441  0.919000
1442  0.961000
1443  0.828000
1444  0.849000
1445  0.843000
1446  0.818000
1447  0.682000
1448  0.757000
1449  0.792000
1450  0.781000
1451  0.836000
1452  0.885000
1453  0.830000
1454  0.835000
1455  0.748000
1456  0.821000
1457  0.930000
1458  0.815000
1459  0.654000
1460  0.638000
1461  0.689000
1462  0.743000
1463  0.646000
1464  0.683000
1465  0.781000
1466  0.924000
1467  0.961000
1468  0.828000
1469  0.841000
1470  0.844000
1471  0.831000
1472  0.696000
1473  0.753000
1474  0.789000
1475  0.772000
1476  0.836000
1477  0.858000
1478  0.825000
1479  0.835000
1480  0.749000
1481  0.797000
1482  0.926000
1483  0.805000
1484  0.637000
1485  0.624000
1486  0.699000
1487  0.741000
1488  0.641000
1489  0.713000
1490  0.782000
1491  0.924000
1492  0.961000
1493  0.831000
1494  0.842000
1495  0.850000
1496  0.825000
1497  0.685000
1498  0.758000
1499  0.793000
1500  0.758000
1501  0.837000
1502  0.864000
1503  0.824000
1504  0.835000
1505  0.755000
1506  0.819000
1507  0.929000
1508  0.798000
1509  0.639000
1510  0.626000
1511  0.698000
1512  0.735000
1513  0.648000
1514  0.700000
1515  0.773000
1516  0.927000
1517  0.953000
1518  0.835000
1519  0.818000
1520  0.839000
1521  0.820000
1522  0.701000
1523  0.760000
1524  0.805000
1525  0.776000
1526  0.841000
1527  0.867000
1528  0.795000
1529  0.827000
1530  0.748000
1531  0.817000
1532  0.932000
1533  0.818000
1534  0.639000
1535  0.630000
1536  0.691000
1537  0.742000
1538  0.640000
1539  0.702000
1540  0.778000
1541  0.834000
1542  0.869000
1543  0.810000
1544  0.836000
1545  0.815000
1546  0.697000
1547  0.761000
1548  0.796000
1549  0.780000
1550  0.841000
1551  0.860000
1552  0.828000
1553  0.835000
1554  0.752000
1555  0.800000
1556  0.925000
1557  0.863000
1558  0.650000
1559  0.635000
1560  0.698000
1561  0.735000
1562  0.638000
1563  0.680000
1564  0.779000
1565  0.927000
1566  0.955000
1567  0.832000
1568  0.781000
1569  0.844000
1570  0.826000
1571  0.677000
1572  0.755000
1573  0.799000
1574  0.759000
1575  0.841000
1576  0.852000
1577  0.815000
1578  0.833000
1579  0.753000
1580  0.807000
1581  0.935000
1582  0.794000
1583  0.640000
1584  0.632000
1585  0.740000
1586  0.744000
1587  0.639000
1588  0.663000
1589  0.803000
1590  0.927000
1591  0.955000
1592  0.834000
1593  0.855000
1594  0.859000
1595  0.824000
1596  0.708000
1597  0.761000
1598  0.794000
1599  0.782000
1600  0.838000
1601  0.907000
1602  0.829000
1603  0.823000
1604  0.746000
1605  0.835000
1606  0.930000
1607  0.812000
1608  0.679000
1609  0.655000
1610  0.698000
1611  0.731000
1612  0.698000
1613  0.753000
1614  0.796000
1615  0.924000
1616  0.959000
1617  0.827000
1618  0.831000
1619  0.826000
1620  0.756000
1621  0.678000
1622  0.751000
1623  0.786000
1624  0.744000
1625  0.838000
1626  0.895000
1627  0.820000
1628  0.833000
1629  0.746000
1630  0.835000
1631  0.929000
1632  0.811000
1633  0.670000
1634  0.675000
1635  0.746000
1636  0.740000
1637  0.680000
1638  0.690000
1639  0.769000
1640  0.925000
1641  0.958000
1642  0.828000
1643  0.831000
1644  0.837000
1645  0.813000
1646  0.691000
1647  0.748000
1648  0.798000
1649  0.765000
1650  0.837000
1651  0.888000
1652  0.816000
1653  0.836000
1654  0.746000
1655  0.843000
1656  0.929000
1657  0.811000
1658  0.680000
1659  0.669000
1660  0.721000
1661  0.745000
1662  0.698000
1663  0.721000
1664  0.773000
1665  0.925000
1666  0.958000
1667  0.827000
1668  0.832000
1669  0.849000
1670  0.822000
1671  0.714000
1672  0.749000
1673  0.790000
1674  0.804000
1675  0.838000
1676  0.909000
1677  0.833000
1678  0.831000
1679  0.746000
1680  0.835000
1681  0.930000
1682  0.811000
1683  0.690000
1684  0.658000
1685  0.721000
1686  0.745000
1687  0.702000
1688  0.699000
1689  0.797000
1690  0.924000
1691  0.959000
1692  0.827000
1693  0.831000
1694  0.826000
1695  0.815000
1696  0.702000
1697  0.755000
1698  0.808000
1699  0.747000
1700  0.837000
1701  0.907000
1702  0.831000
1703  0.835000
1704  0.747000
1705  0.835000
1706  0.931000
1707  0.814000
1708  0.690000
1709  0.653000
1710  0.702000
1711  0.746000
1712  0.693000
1713  0.730000
1714  0.784000
1715  0.926000
1716  0.961000
1717  0.830000
1718  0.837000
1719  0.856000
1720  0.827000
1721  0.698000
1722  0.754000
1723  0.793000
1724  0.782000
1725  0.837000
1726  0.907000
1727  0.831000
1728  0.835000
1729  0.747000
1730  0.835000
1731  0.931000
1732  0.814000
1733  0.692000
1734  0.655000
1735  0.702000
1736  0.742000
1737  0.695000
1738  0.734000
1739  0.779000
1740  0.926000
1741  0.961000
1742  0.830000
1743  0.837000
1744  0.867000
1745  0.829000
1746  0.718000
1747  0.754000
1748  0.793000
1749  0.777000
1750  0.837000
1751  0.889000
1752  0.805000
1753  0.824000
1754  0.745000
1755  0.839000
1756  0.929000
1757  0.812000
1758  0.682000
1759  0.675000
1760  0.711000
1761  0.727000
1762  0.696000
1763  0.763000
1764  0.806000
1765  0.924000
1766  0.958000
1767  0.828000
1768  0.832000
1769  0.845000
1770  0.813000
1771  0.693000
1772  0.760000
1773  0.801000
1774  0.762000
1775  0.837000
1776  0.885000
1777  0.813000
1778  0.822000
1779  0.747000
1780  0.838000
1781  0.930000
1782  0.812000
1783  0.676000
1784  0.654000
1785  0.694000
1786  0.731000
1787  0.691000
1788  0.748000
1789  0.804000
1790  0.924000
1791  0.958000
1792  0.827000
1793  0.832000
1794  0.840000
1795  0.808000
1796  0.672000
1797  0.741000
1798  0.786000
1799  0.766000
1800  0.834000
1801  0.879000
1802  0.799000
1803  0.830000
1804  0.756000
1805  0.810000
1806  0.933000
1807  0.813000
1808  0.663000
1809  0.658000
1810  0.742000
1811  0.745000
1812  0.645000
1813  0.729000
1814  0.771000
1815  0.921000
1816  0.960000
1817  0.831000
1818  0.849000
1819  0.859000
1820  0.828000
1821  0.698000
1822  0.758000
1823  0.795000
1824  0.778000
1825  0.834000
1826  0.880000
1827  0.827000
1828  0.836000
1829  0.753000
1830  0.813000
1831  0.928000
1832  0.818000
1833  0.643000
1834  0.632000
1835  0.698000
1836  0.739000
1837  0.649000
1838  0.684000
1839  0.773000
1840  0.926000
1841  0.962000
1842  0.834000
1843  0.849000
1844  0.841000
1845  0.816000
1846  0.676000
1847  0.743000
1848  0.780000
1849  0.763000
1850  0.834000
1851  0.866000
1852  0.824000
1853  0.835000
1854  0.751000
1855  0.813000
1856  0.934000
1857  0.820000
1858  0.650000
1859  0.641000
1860  0.699000
1861  0.757000
1862  0.644000
1863  0.686000
1864  0.789000
1865  0.925000
1866  0.961000
1867  0.832000
1868  0.846000
1869  0.838000
1870  0.812000
1871  0.682000
1872  0.765000
1873  0.804000
1874  0.737000
1875  0.856000
1876  0.874000
1877  0.787000
1878  0.833000
1879  0.754000
1880  0.804000
1881  0.936000
1882  0.824000
1883  0.650000
1884  0.639000
1885  0.699000
1886  0.727000
1887  0.649000
1888  0.717000
1889  0.758000
1890  0.858000
1891  0.835000
1892  0.867000
1893  0.205000
1894  0.792000
1895  0.786000
1896  0.649000
1897  0.726000
1898  0.759000
1899  0.747000
1900  0.835000
1901  0.907000
1902  0.830000
1903  0.835000
1904  0.752000
1905  0.835000
1906  0.932000
1907  0.815000
1908  0.654000
1909  0.635000
1910  0.681000
1911  0.737000
1912  0.655000
1913  0.694000
1914  0.776000
1915  0.927000
1916  0.962000
1917  0.836000
1918  0.844000
1919  0.839000
1920  0.813000
1921  0.693000
1922  0.752000
1923  0.792000
1924  0.773000
1925  0.837000
1926  0.904000
1927  0.829000
1928  0.835000
1929  0.748000
1930  0.832000
1931  0.929000
1932  0.813000
1933  0.637000
1934  0.622000
1935  0.706000
1936  0.727000
1937  0.629000
1938  0.691000
1939  0.790000
1940  0.926000
1941  0.961000
1942  0.830000
1943  0.838000
1944  0.858000
1945  0.819000
1946  0.682000
1947  0.732000
1948  0.776000
1949  0.737000
1950  0.837000
1951  0.900000
1952  0.827000
1953  0.836000
1954  0.749000
1955  0.833000
1956  0.928000
1957  0.813000
1958  0.639000
1959  0.624000
1960  0.701000
1961  0.745000
1962  0.633000
1963  0.675000
1964  0.781000
1965  0.925000
1966  0.961000
1967  0.829000
1968  0.838000
1969  0.845000
1970  0.817000
1971  0.714000
1972  0.766000
1973  0.798000
1974  0.785000
1975  0.836000
1976  0.874000
1977  0.821000
1978  0.833000
1979  0.748000
1980  0.824000
1981  0.931000
1982  0.815000
1983  0.647000
1984  0.633000
1985  0.681000
1986  0.735000
1987  0.648000
1988  0.725000
1989  0.775000
1990  0.924000
1991  0.960000
1992  0.828000
1993  0.841000
1994  0.816000
1995  0.814000
1996  0.653000
1997  0.751000
1998  0.790000
1999  0.772000
2000  0.836000
2001  0.895000
2002  0.826000
2003  0.836000
2004  0.748000
2005  0.831000
2006  0.928000
2007  0.812000
2008  0.637000
2009  0.626000
2010  0.711000
2011  0.738000
2012  0.636000
2013  0.709000
2014  0.799000
2015  0.925000
2016  0.961000
2017  0.830000
2018  0.837000
2019  0.841000
2020  0.811000
2021  0.700000
2022  0.766000
2023  0.809000
2024  0.781000
2025  0.833000
2026  0.872000
2027  0.814000
2028  0.832000
2029  0.751000
2030  0.823000
2031  0.931000
2032  0.816000
2033  0.637000
2034  0.626000
2035  0.721000
2036  0.741000
2037  0.635000
2038  0.655000
2039  0.813000
2040  0.923000
2041  0.962000
2042  0.836000
2043  0.845000
2044  0.835000
2045  0.801000
2046  0.656000
2047  0.764000
2048  0.795000
2049  0.777000
2050  0.835000
2051  0.909000
2052  0.832000
2053  0.836000
2054  0.751000
2055  0.834000
2056  0.932000
2057  0.817000
2058  0.641000
2059  0.619000
2060  0.709000
2061  0.732000
2062  0.639000
2063  0.647000
2064  0.797000
2065  0.926000
2066  0.962000
2067  0.835000
2068  0.842000
2069  0.840000
2070  0.818000
2071  0.685000
2072  0.736000
2073  0.775000
2074  0.752000
2075  0.835000
2076  0.906000
2077  0.830000
2078  0.835000
2079  0.751000
2080  0.832000
2081  0.931000
2082  0.816000
2083  0.641000
2084  0.619000
2085  0.696000
2086  0.741000
2087  0.644000
2088  0.673000
2089  0.797000
2090  0.926000
2091  0.962000
2092  0.834000
2093  0.841000
2094  0.856000
2095  0.803000
2096  0.664000
2097  0.748000
2098  0.789000
2099  0.775000
2100  0.836000
2101  0.906000
2102  0.830000
2103  0.836000
2104  0.751000
2105  0.834000
2106  0.931000
2107  0.814000
2108  0.680000
2109  0.642000
2110  0.714000
2111  0.754000
2112  0.688000
2113  0.701000
2114  0.776000
2115  0.926000
2116  0.962000
2117  0.834000
2118  0.840000
2119  0.848000
2120  0.807000
2121  0.696000
2122  0.738000
2123  0.779000
2124  0.755000
2125  0.836000
2126  0.909000
2127  0.832000
2128  0.835000
2129  0.749000
2130  0.836000
2131  0.931000
2132  0.814000
2133  0.685000
2134  0.647000
2135  0.719000
2136  0.745000
2137  0.696000
2138  0.696000
2139  0.783000
2140  0.926000
2141  0.962000
2142  0.832000
2143  0.839000
2144  0.853000
2145  0.833000
2146  0.757000
2147  0.733000
2148  0.780000
2149  0.791000
2150  0.837000
2151  0.906000
2152  0.832000
2153  0.836000
2154  0.748000
2155  0.834000
2156  0.931000
2157  0.813000
2158  0.692000
2159  0.652000
2160  0.701000
2161  0.752000
2162  0.695000
2163  0.734000
2164  0.824000
2165  0.926000
2166  0.961000
2167  0.829000
2168  0.837000
2169  0.835000
2170  0.802000
2171  0.756000
2172  0.746000
2173  0.775000
2174  0.740000
2175  0.837000
2176  0.907000
2177  0.831000
2178  0.835000
2179  0.749000
2180  0.834000
2181  0.931000
2182  0.814000
2183  0.687000
2184  0.648000
2185  0.702000
2186  0.737000
2187  0.690000
2188  0.732000
2189  0.797000
2190  0.926000
2191  0.962000
2192  0.831000
2193  0.838000
2194  0.838000
2195  0.817000
2196  0.721000
2197  0.754000
2198  0.791000
2199  0.776000
